nbJobs = 4;
nbMchs = 4;

OpDurations = [
[34, 2, 54, 61]
[15, 89, 70, 9]
[38, 19, 28, 87]
[95, 7, 34, 29]
];

setup = [

// INSTANCIA 04X04-1
//setup on machine: MAQ 1
[   [0, 18, 8, 13],
[18, 0, 26, 7],
[8, 26, 0, 21],
[13, 7, 21, 0]
   ],
//setup on machine: MAQ 2
[   [0, 4, 7, 22],
[4, 0, 11, 26],
[7, 11, 0, 16],
[22, 26, 16, 0]
   ],
//setup on machine: MAQ 3
[   [0, 24, 15, 7],
[24, 0, 10, 18],
[15, 10, 0, 9],
[7, 18, 9, 0]
   ],
//setup on machine: MAQ 4
[   [0, 8, 23, 11],
[8, 0, 25, 19],
[23, 25, 0, 25],
[11, 19, 25, 0]
   ]
];