// INSTANCIA FGSSP 20x20-01
nbJobs = 20;
nbMchs = 20;

OpDurations = [
[79, 71, 64, 85, 37, 49, 99, 57, 89,  40,  16,  44,  16,  66,   6,   8,  17,  58,   4,  65]
[35, 65, 57, 43, 73, 42, 20, 43, 79,  57,   6,  76,  65,  80,   3,   8,  82,  98,  96,  82]
[10, 83, 41, 53, 70, 62, 18, 43, 24,  23,  53,  77,  17,  94,  79,  49,   7,  82,  15,  76]
[16, 10,  7, 15, 97, 84, 30, 24, 80,   7,  14,  12,  31,  27,  99,  97,   7,  33,  91,  18]
[45, 57, 54, 52, 65, 70, 57, 83, 40,  67,  31,  84,  28,  21,  43,   9,  45,  10,  51,  95]
[43, 48, 48,  6, 70, 22, 45, 42, 37,  50,  76,  57,  45,  11,  93,  53,  48,  10,  13,  39]
[97, 57, 18,  1, 38, 10, 96, 92, 75,   3,   5,  80,  82,  70,  52,  21,  23,  53,  22,  79]
[10, 44, 79, 37, 38, 33,  6, 62, 43,  57,  89,  82,   1,  52,   9,  67,  23,  33,  27,  22]
[24, 73,  5, 68, 35, 53, 36, 54, 56,  50,  86,  97,  35,  13,  20,  17,  16,  13,  80,  25]
[36,  4, 81, 60, 57, 41,  3, 83, 86,  62,  49,  48,  77,  71,  14,  10,   8,  94,  62,  56]
[97, 22, 77, 31, 22, 19, 98, 74, 33,  19,  19,  26,   5,  61,  77,  11,  41,  64,  30,  31]
[84, 36, 98, 82, 42, 62,  7, 45, 45,  21,  13,  55,  71,  57,  15,  89,  46,  13,  16,  33]
[20, 28, 24,  8, 53, 59, 58, 62, 90,  41,  76,  61,  84,   2,  11,  83,  59,  53,  46,  49]
[53, 74, 20, 53, 90, 23,  8, 97, 11,  28,   5,  16,  91,  23,  90,  27,  32,  61,  57,  32]
[77, 81, 85, 53, 46, 43, 79, 62, 62,  48,   5,  37,  97,  85,  12,  54,  36,  95,   2,  96]
[83, 72, 41, 81, 30,  8, 55,  6, 58,  55,  22,  64,   7,  57,  38,  53,  98,  35,  70,  81]
[75, 82, 62, 11, 80, 31, 90, 63, 22,  24,  59,  35,  99,  63,  66,  27,  15,  22,  91,  53]
[90, 16, 16, 26, 93, 76, 69,  6, 99,   4,  46,  18,  59,  28,  21,  65,  53,  25,  45,   1]
[29, 14, 66,  5, 24, 86, 50, 85, 27,  36,  59,  15,  57,   5,  19,  88,   4,  17,   2,  44]
[79, 71, 61, 33, 54, 90, 87, 45, 61,  72,  45,  61,  45,  64,   7,   5,  82,  81,  61,   8]
];

setup = [
//setup on machine: MAQ 0
[   [0, 17, 7, 26, 21, 28, 13, 23, 11, 15, 12, 5, 19, 25, 9, 20, 1, 17, 12, 3],
[17, 0, 13, 15, 7, 19, 6, 14, 14, 18, 21, 20, 9, 22, 19, 21, 18, 6, 22, 19],
[7, 13, 0, 19, 15, 21, 7, 16, 4, 9, 9, 8, 12, 18, 6, 14, 8, 10, 10, 8],
[26, 15, 19, 0, 9, 4, 14, 3, 16, 15, 21, 26, 7, 11, 21, 14, 26, 10, 22, 26],
[21, 7, 15, 9, 0, 13, 9, 9, 14, 17, 22, 23, 5, 17, 20, 18, 22, 5, 23, 23],
[28, 19, 21, 4, 13, 0, 18, 6, 18, 16, 22, 28, 11, 9, 23, 14, 29, 14, 23, 28],
[13, 6, 7, 14, 9, 18, 0, 12, 8, 12, 15, 15, 7, 18, 13, 16, 14, 4, 16, 14],
[23, 14, 16, 3, 9, 6, 12, 0, 13, 12, 18, 23, 5, 9, 18, 12, 23, 8, 19, 23],
[11, 14, 4, 16, 14, 18, 8, 13, 0, 5, 8, 10, 10, 14, 6, 10, 11, 9, 9, 11],
[15, 18, 9, 15, 17, 16, 12, 12, 5, 0, 6, 13, 12, 10, 7, 5, 15, 12, 7, 14],
[12, 21, 9, 21, 22, 22, 15, 18, 8, 6, 0, 8, 17, 16, 3, 10, 12, 17, 1, 10],
[5, 20, 8, 26, 23, 28, 15, 23, 10, 13, 8, 0, 20, 23, 6, 17, 4, 18, 8, 2],
[19, 9, 12, 7, 5, 11, 7, 5, 10, 12, 17, 20, 0, 13, 16, 13, 20, 3, 18, 20],
[25, 22, 18, 11, 17, 9, 18, 9, 14, 10, 16, 23, 13, 0, 17, 6, 25, 16, 16, 24],
[9, 19, 6, 21, 20, 23, 13, 18, 6, 7, 3, 6, 16, 17, 0, 12, 9, 15, 4, 7],
[20, 21, 14, 14, 18, 14, 16, 12, 10, 5, 10, 17, 13, 6, 12, 0, 20, 15, 11, 19],
[1, 18, 8, 26, 22, 29, 14, 23, 11, 15, 12, 4, 20, 25, 9, 20, 0, 17, 12, 2],
[17, 6, 10, 10, 5, 14, 4, 8, 9, 12, 17, 18, 3, 16, 15, 15, 17, 0, 18, 18],
[12, 22, 10, 22, 23, 23, 16, 19, 9, 7, 1, 8, 18, 16, 4, 11, 12, 18, 0, 10],
[3, 19, 8, 26, 23, 28, 14, 23, 11, 14, 10, 2, 20, 24, 7, 19, 2, 18, 10, 0]
   ],
//setup on machine: MAQ 1
[   [0, 8, 7, 7, 26, 13, 10, 6, 12, 20, 14, 11, 15, 18, 16, 10, 20, 19, 23, 14],
[8, 0, 9, 1, 22, 14, 13, 14, 4, 16, 11, 6, 8, 11, 8, 2, 18, 11, 25, 12],
[7, 9, 0, 8, 20, 6, 4, 9, 12, 14, 9, 7, 12, 14, 16, 11, 13, 16, 17, 7],
[7, 1, 8, 0, 22, 14, 12, 13, 5, 16, 11, 6, 8, 12, 9, 3, 18, 12, 25, 12],
[26, 22, 20, 22, 0, 17, 19, 29, 20, 6, 12, 16, 15, 12, 21, 22, 8, 14, 20, 13],
[13, 14, 6, 14, 17, 0, 3, 13, 16, 12, 8, 10, 14, 15, 20, 16, 9, 18, 11, 5],
[10, 13, 4, 12, 19, 3, 0, 10, 15, 14, 9, 9, 14, 16, 19, 15, 12, 18, 13, 7],
[6, 14, 9, 13, 29, 13, 10, 0, 18, 23, 18, 15, 20, 23, 22, 16, 22, 24, 21, 16],
[12, 4, 12, 5, 20, 16, 15, 18, 0, 14, 11, 6, 5, 9, 4, 3, 18, 8, 27, 13],
[20, 16, 14, 16, 6, 12, 14, 23, 14, 0, 6, 10, 9, 7, 16, 16, 6, 9, 19, 8],
[14, 11, 9, 11, 12, 8, 9, 18, 11, 6, 0, 5, 7, 7, 14, 12, 7, 10, 17, 3],
[11, 6, 7, 6, 16, 10, 9, 15, 6, 10, 5, 0, 5, 8, 10, 7, 12, 9, 21, 7],
[15, 8, 12, 8, 15, 14, 14, 20, 5, 9, 7, 5, 0, 4, 7, 8, 13, 4, 24, 10],
[18, 11, 14, 12, 12, 15, 16, 23, 9, 7, 7, 8, 4, 0, 9, 11, 12, 3, 24, 10],
[16, 8, 16, 9, 21, 20, 19, 22, 4, 16, 14, 10, 7, 9, 0, 6, 20, 7, 30, 16],
[10, 2, 11, 3, 22, 16, 15, 16, 3, 16, 12, 7, 8, 11, 6, 0, 19, 11, 27, 14],
[20, 18, 13, 18, 8, 9, 12, 22, 18, 6, 7, 12, 13, 12, 20, 19, 0, 15, 13, 6],
[19, 11, 16, 12, 14, 18, 18, 24, 8, 9, 10, 9, 4, 3, 7, 11, 15, 0, 27, 13],
[23, 25, 17, 25, 20, 11, 13, 21, 27, 19, 17, 21, 24, 24, 30, 27, 13, 27, 0, 14],
[14, 12, 7, 12, 13, 5, 7, 16, 13, 8, 3, 7, 10, 10, 16, 14, 6, 13, 14, 0]
   ],
//setup on machine: MAQ 2
[   [0, 14, 5, 15, 14, 16, 11, 18, 7, 9, 14, 12, 6, 21, 21, 20, 24, 22, 24, 10],
[14, 0, 18, 11, 13, 2, 9, 15, 20, 14, 9, 2, 12, 8, 7, 15, 10, 15, 10, 17],
[5, 18, 0, 15, 14, 20, 16, 18, 2, 8, 19, 16, 11, 24, 25, 20, 27, 22, 28, 7],
[15, 11, 15, 0, 2, 12, 17, 4, 16, 7, 19, 9, 17, 13, 16, 5, 15, 7, 18, 10],
[14, 13, 14, 2, 0, 14, 18, 4, 15, 6, 21, 11, 18, 15, 18, 6, 17, 8, 20, 9],
[16, 2, 20, 12, 14, 0, 10, 15, 22, 16, 10, 4, 14, 6, 5, 15, 8, 15, 8, 19],
[11, 9, 16, 17, 18, 10, 0, 21, 18, 16, 3, 9, 6, 16, 13, 22, 18, 23, 16, 19],
[18, 15, 18, 4, 4, 15, 21, 0, 19, 10, 23, 13, 21, 14, 19, 2, 17, 4, 20, 12],
[7, 20, 2, 16, 15, 22, 18, 19, 0, 9, 21, 18, 13, 26, 27, 21, 29, 23, 30, 7],
[9, 14, 8, 7, 6, 16, 16, 10, 9, 0, 19, 12, 14, 18, 21, 12, 21, 14, 23, 4],
[14, 9, 19, 19, 21, 10, 3, 23, 21, 19, 0, 10, 9, 16, 12, 24, 17, 24, 15, 22],
[12, 2, 16, 9, 11, 4, 9, 13, 18, 12, 10, 0, 11, 9, 9, 14, 12, 14, 12, 15],
[6, 12, 11, 17, 18, 14, 6, 21, 13, 14, 9, 11, 0, 20, 18, 22, 22, 24, 21, 16],
[21, 8, 24, 13, 15, 6, 16, 14, 26, 18, 16, 9, 20, 0, 6, 13, 3, 12, 6, 22],
[21, 7, 25, 16, 18, 5, 13, 19, 27, 21, 12, 9, 18, 6, 0, 18, 6, 17, 3, 24],
[20, 15, 20, 5, 6, 15, 22, 2, 21, 12, 24, 14, 22, 13, 18, 0, 15, 2, 19, 14],
[24, 10, 27, 15, 17, 8, 18, 17, 29, 21, 17, 12, 22, 3, 6, 15, 0, 14, 4, 25],
[22, 15, 22, 7, 8, 15, 23, 4, 23, 14, 24, 14, 24, 12, 17, 2, 14, 0, 18, 16],
[24, 10, 28, 18, 20, 8, 16, 20, 30, 23, 15, 12, 21, 6, 3, 19, 4, 18, 0, 27],
[10, 17, 7, 10, 9, 19, 19, 12, 7, 4, 22, 15, 16, 22, 24, 14, 25, 16, 27, 0]
   ],
//setup on machine: MAQ 3
[   [0, 16, 8, 13, 5, 20, 19, 19, 16, 10, 10, 17, 11, 18, 24, 10, 18, 1, 18, 13],
[16, 0, 8, 16, 15, 18, 6, 10, 9, 11, 8, 12, 20, 5, 11, 14, 18, 16, 9, 4],
[8, 8, 0, 12, 8, 17, 11, 12, 9, 8, 4, 11, 14, 11, 16, 9, 16, 8, 11, 5],
[13, 16, 12, 0, 8, 7, 22, 10, 8, 19, 9, 7, 6, 21, 17, 4, 5, 14, 11, 13],
[5, 15, 8, 8, 0, 15, 19, 15, 12, 13, 8, 12, 7, 18, 21, 5, 13, 6, 15, 12],
[20, 18, 17, 7, 15, 0, 24, 9, 9, 24, 13, 6, 12, 23, 14, 10, 2, 21, 10, 15],
[19, 6, 11, 22, 19, 24, 0, 16, 15, 10, 13, 18, 25, 1, 16, 20, 24, 18, 14, 9],
[19, 10, 12, 10, 15, 9, 16, 0, 3, 19, 9, 4, 16, 15, 7, 11, 9, 19, 2, 9],
[16, 9, 9, 8, 12, 9, 15, 3, 0, 16, 6, 3, 14, 14, 9, 9, 9, 16, 3, 6],
[10, 11, 8, 19, 13, 24, 10, 19, 16, 0, 11, 19, 20, 10, 22, 16, 23, 9, 18, 11],
[10, 8, 4, 9, 8, 13, 13, 9, 6, 11, 0, 8, 12, 12, 14, 7, 12, 10, 8, 4],
[17, 12, 11, 7, 12, 6, 18, 4, 3, 19, 8, 0, 13, 17, 10, 8, 6, 17, 5, 9],
[11, 20, 14, 6, 7, 12, 25, 16, 14, 20, 12, 13, 0, 24, 23, 6, 10, 12, 17, 16],
[18, 5, 11, 21, 18, 23, 1, 15, 14, 10, 12, 17, 24, 0, 15, 19, 23, 17, 13, 8],
[24, 11, 16, 17, 21, 14, 16, 7, 9, 22, 14, 10, 23, 15, 0, 18, 16, 24, 6, 12],
[10, 14, 9, 4, 5, 10, 20, 11, 9, 16, 7, 8, 6, 19, 18, 0, 8, 11, 12, 11],
[18, 18, 16, 5, 13, 2, 24, 9, 9, 23, 12, 6, 10, 23, 16, 8, 0, 19, 11, 15],
[1, 16, 8, 14, 6, 21, 18, 19, 16, 9, 10, 17, 12, 17, 24, 11, 19, 0, 18, 13],
[18, 9, 11, 11, 15, 10, 14, 2, 3, 18, 8, 5, 17, 13, 6, 12, 11, 18, 0, 7],
[13, 4, 5, 13, 12, 15, 9, 9, 6, 11, 4, 9, 16, 8, 12, 11, 15, 13, 7, 0]
   ],
//setup on machine: MAQ 4
[   [0, 13, 13, 9, 9, 17, 6, 15, 9, 8, 12, 9, 8, 4, 9, 19, 15, 13, 15, 18],
[13, 0, 16, 20, 12, 24, 18, 5, 5, 18, 12, 4, 8, 10, 22, 11, 24, 18, 18, 11],
[13, 16, 0, 11, 5, 8, 18, 13, 16, 9, 4, 15, 17, 11, 18, 13, 9, 2, 2, 12],
[9, 20, 11, 0, 10, 10, 10, 20, 17, 2, 13, 17, 17, 11, 8, 22, 7, 9, 12, 21],
[9, 12, 5, 10, 0, 12, 14, 10, 11, 8, 4, 10, 12, 6, 16, 12, 12, 6, 7, 11],
[17, 24, 8, 10, 12, 0, 20, 21, 23, 10, 12, 22, 23, 17, 18, 20, 4, 6, 7, 19],
[6, 18, 18, 10, 14, 20, 0, 20, 13, 10, 17, 14, 11, 9, 5, 25, 17, 17, 20, 24],
[15, 5, 13, 20, 10, 21, 20, 0, 9, 18, 9, 8, 12, 11, 24, 6, 22, 15, 14, 6],
[9, 5, 16, 17, 11, 23, 13, 9, 0, 16, 13, 1, 3, 7, 18, 15, 22, 17, 18, 15],
[8, 18, 9, 2, 8, 10, 10, 18, 16, 0, 11, 15, 15, 9, 9, 20, 8, 8, 11, 19],
[12, 12, 4, 13, 4, 12, 17, 9, 13, 11, 0, 12, 14, 9, 19, 9, 13, 6, 6, 8],
[9, 4, 15, 17, 10, 22, 14, 8, 1, 15, 12, 0, 4, 6, 18, 14, 21, 16, 17, 14],
[8, 8, 17, 17, 12, 23, 11, 12, 3, 15, 14, 4, 0, 6, 16, 17, 22, 18, 19, 17],
[4, 10, 11, 11, 6, 17, 9, 11, 7, 9, 9, 6, 6, 0, 13, 16, 16, 12, 13, 15],
[9, 22, 18, 8, 16, 18, 5, 24, 18, 9, 19, 18, 16, 13, 0, 27, 15, 17, 20, 27],
[19, 11, 13, 22, 12, 20, 25, 6, 15, 20, 9, 14, 17, 16, 27, 0, 22, 15, 13, 1],
[15, 24, 9, 7, 12, 4, 17, 22, 22, 8, 13, 21, 22, 16, 15, 22, 0, 7, 9, 21],
[13, 18, 2, 9, 6, 6, 17, 15, 17, 8, 6, 16, 18, 12, 17, 15, 7, 0, 3, 14],
[15, 18, 2, 12, 7, 7, 20, 14, 18, 11, 6, 17, 19, 13, 20, 13, 9, 3, 0, 12],
[18, 11, 12, 21, 11, 19, 24, 6, 15, 19, 8, 14, 17, 15, 27, 1, 21, 14, 12, 0]
   ],
//setup on machine: MAQ 5
[   [0, 14, 7, 8, 16, 18, 5, 12, 1, 10, 12, 12, 12, 11, 8, 18, 5, 11, 10, 10],
[14, 0, 19, 18, 22, 8, 19, 5, 14, 9, 7, 11, 14, 7, 10, 9, 9, 5, 16, 5],
[7, 19, 0, 3, 20, 24, 5, 16, 6, 17, 15, 13, 11, 17, 10, 24, 11, 15, 8, 16],
[8, 18, 3, 0, 23, 24, 8, 15, 7, 18, 14, 11, 9, 18, 9, 25, 11, 14, 5, 17],
[16, 22, 20, 23, 0, 20, 15, 24, 17, 13, 25, 27, 27, 15, 23, 19, 18, 23, 25, 17],
[18, 8, 24, 24, 20, 0, 22, 13, 18, 9, 15, 19, 22, 7, 17, 1, 14, 13, 23, 8],
[5, 19, 5, 8, 15, 22, 0, 17, 5, 14, 17, 16, 15, 15, 12, 22, 10, 16, 12, 15],
[12, 5, 16, 15, 24, 13, 17, 0, 12, 12, 2, 6, 9, 10, 6, 14, 7, 1, 11, 8],
[1, 14, 6, 7, 17, 18, 5, 12, 0, 11, 12, 12, 11, 11, 8, 18, 5, 11, 9, 11],
[10, 9, 17, 18, 13, 9, 14, 12, 11, 0, 14, 17, 18, 2, 13, 8, 8, 12, 18, 4],
[12, 7, 15, 14, 25, 15, 17, 2, 12, 14, 0, 4, 7, 12, 5, 16, 8, 2, 10, 10],
[12, 11, 13, 11, 27, 19, 16, 6, 12, 17, 4, 0, 3, 15, 4, 20, 9, 6, 6, 13],
[12, 14, 11, 9, 27, 22, 15, 9, 11, 18, 7, 3, 0, 17, 5, 22, 10, 9, 4, 15],
[11, 7, 17, 18, 15, 7, 15, 10, 11, 2, 12, 15, 17, 0, 12, 7, 7, 10, 17, 2],
[8, 10, 10, 9, 23, 17, 12, 6, 8, 13, 5, 4, 5, 12, 0, 18, 5, 5, 6, 10],
[18, 9, 24, 25, 19, 1, 22, 14, 18, 8, 16, 20, 22, 7, 18, 0, 14, 14, 23, 8],
[5, 9, 11, 11, 18, 14, 10, 7, 5, 8, 8, 9, 10, 7, 5, 14, 0, 6, 10, 6],
[11, 5, 15, 14, 23, 13, 16, 1, 11, 12, 2, 6, 9, 10, 5, 14, 6, 0, 11, 8],
[10, 16, 8, 5, 25, 23, 12, 11, 9, 18, 10, 6, 4, 17, 6, 23, 10, 11, 0, 16],
[10, 5, 16, 17, 17, 8, 15, 8, 11, 4, 10, 13, 15, 2, 10, 8, 6, 8, 16, 0]
   ],
//setup on machine: MAQ 6
[   [0, 14, 12, 23, 22, 12, 16, 7, 16, 19, 18, 13, 25, 19, 19, 23, 9, 22, 4, 20],
[14, 0, 2, 17, 16, 13, 20, 11, 3, 5, 4, 10, 15, 15, 5, 13, 8, 9, 10, 19],
[12, 2, 0, 16, 15, 11, 18, 9, 4, 7, 6, 8, 15, 13, 7, 13, 6, 10, 8, 17],
[23, 17, 16, 0, 1, 11, 13, 16, 15, 18, 18, 10, 7, 4, 19, 7, 14, 14, 20, 7],
[22, 16, 15, 1, 0, 11, 13, 15, 14, 17, 17, 9, 6, 4, 18, 6, 13, 14, 19, 7],
[12, 13, 11, 11, 11, 0, 7, 5, 13, 17, 16, 3, 15, 7, 17, 13, 5, 16, 10, 8],
[16, 20, 18, 13, 13, 7, 0, 11, 20, 24, 23, 10, 19, 10, 24, 18, 12, 23, 16, 7],
[7, 11, 9, 16, 15, 5, 11, 0, 12, 16, 15, 6, 18, 12, 16, 16, 3, 17, 5, 13],
[16, 3, 4, 15, 14, 13, 20, 12, 0, 4, 3, 10, 12, 13, 4, 10, 9, 6, 12, 18],
[19, 5, 7, 18, 17, 17, 24, 16, 4, 0, 1, 14, 14, 17, 1, 12, 13, 5, 15, 21],
[18, 4, 6, 18, 17, 16, 23, 15, 3, 1, 0, 13, 14, 16, 1, 12, 12, 6, 14, 21],
[13, 10, 8, 10, 9, 3, 10, 6, 10, 14, 13, 0, 13, 6, 14, 11, 4, 13, 10, 9],
[25, 15, 15, 7, 6, 15, 19, 18, 12, 14, 14, 13, 0, 9, 15, 2, 16, 9, 21, 13],
[19, 15, 13, 4, 4, 7, 10, 12, 13, 17, 16, 6, 9, 0, 17, 8, 10, 14, 16, 5],
[19, 5, 7, 19, 18, 17, 24, 16, 4, 1, 1, 14, 15, 17, 0, 13, 13, 6, 15, 22],
[23, 13, 13, 7, 6, 13, 18, 16, 10, 12, 12, 11, 2, 8, 13, 0, 14, 8, 19, 13],
[9, 8, 6, 14, 13, 5, 12, 3, 9, 13, 12, 4, 16, 10, 13, 14, 0, 14, 6, 13],
[22, 9, 10, 14, 14, 16, 23, 17, 6, 5, 6, 13, 9, 14, 6, 8, 14, 0, 18, 19],
[4, 10, 8, 20, 19, 10, 16, 5, 12, 15, 14, 10, 21, 16, 15, 19, 6, 18, 0, 18],
[20, 19, 17, 7, 7, 8, 7, 13, 18, 21, 21, 9, 13, 5, 22, 13, 13, 19, 18, 0]
   ],
//setup on machine: MAQ 7
[   [0, 8, 4, 23, 2, 16, 16, 25, 18, 22, 18, 21, 7, 14, 7, 23, 24, 28, 23, 11],
[8, 0, 8, 16, 6, 11, 14, 19, 12, 15, 13, 16, 7, 7, 6, 15, 18, 21, 18, 6],
[4, 8, 0, 22, 3, 18, 19, 26, 19, 20, 20, 23, 10, 13, 10, 22, 26, 28, 25, 9],
[23, 16, 22, 0, 21, 16, 22, 15, 11, 6, 17, 18, 21, 10, 20, 2, 18, 10, 19, 14],
[2, 6, 3, 21, 0, 15, 16, 24, 17, 20, 17, 20, 7, 12, 7, 21, 23, 26, 22, 9],
[16, 11, 18, 16, 15, 0, 6, 9, 5, 19, 2, 5, 10, 14, 9, 14, 8, 14, 7, 15],
[16, 14, 19, 22, 16, 6, 0, 14, 11, 25, 6, 8, 9, 19, 9, 20, 10, 20, 9, 19],
[25, 19, 26, 15, 24, 9, 14, 0, 7, 20, 8, 6, 19, 19, 18, 13, 4, 8, 6, 21],
[18, 12, 19, 11, 17, 5, 11, 7, 0, 15, 6, 7, 13, 12, 13, 9, 8, 10, 9, 14],
[22, 15, 20, 6, 20, 19, 25, 20, 15, 0, 21, 22, 22, 8, 21, 8, 23, 16, 24, 11],
[18, 13, 20, 17, 17, 2, 6, 8, 6, 21, 0, 3, 11, 16, 11, 15, 6, 14, 5, 17],
[21, 16, 23, 18, 20, 5, 8, 6, 7, 22, 3, 0, 14, 19, 14, 16, 3, 13, 2, 20],
[7, 7, 10, 21, 7, 10, 9, 19, 13, 22, 11, 14, 0, 14, 1, 20, 17, 23, 16, 13],
[14, 7, 13, 10, 12, 14, 19, 19, 12, 8, 16, 19, 14, 0, 13, 11, 20, 18, 21, 4],
[7, 6, 10, 20, 7, 9, 9, 18, 13, 21, 11, 14, 1, 13, 0, 19, 17, 22, 16, 12],
[23, 15, 22, 2, 21, 14, 20, 13, 9, 8, 15, 16, 20, 11, 19, 0, 16, 8, 17, 14],
[24, 18, 26, 18, 23, 8, 10, 4, 8, 23, 6, 3, 17, 20, 17, 16, 0, 12, 2, 22],
[28, 21, 28, 10, 26, 14, 20, 8, 10, 16, 14, 13, 23, 18, 22, 8, 12, 0, 14, 21],
[23, 18, 25, 19, 22, 7, 9, 6, 9, 24, 5, 2, 16, 21, 16, 17, 2, 14, 0, 22],
[11, 6, 9, 14, 9, 15, 19, 21, 14, 11, 17, 20, 13, 4, 12, 14, 22, 21, 22, 0]
   ],
//setup on machine: MAQ 8
[   [0, 15, 5, 8, 19, 15, 19, 17, 11, 23, 13, 17, 12, 23, 17, 22, 3, 18, 9, 12],
[15, 0, 15, 16, 16, 3, 8, 11, 17, 11, 11, 5, 7, 10, 7, 18, 13, 17, 8, 20],
[5, 15, 0, 3, 14, 16, 17, 14, 6, 20, 9, 18, 15, 21, 15, 17, 3, 14, 12, 7],
[8, 16, 3, 0, 12, 18, 17, 13, 3, 20, 8, 20, 17, 21, 15, 15, 6, 11, 14, 4],
[19, 16, 14, 12, 0, 19, 10, 5, 10, 11, 6, 21, 21, 14, 9, 3, 16, 2, 19, 12],
[15, 3, 16, 18, 19, 0, 11, 14, 19, 14, 14, 2, 5, 12, 10, 21, 14, 20, 7, 22],
[19, 8, 17, 17, 10, 11, 0, 5, 16, 4, 9, 12, 15, 4, 2, 11, 16, 12, 15, 19],
[17, 11, 14, 13, 5, 14, 5, 0, 12, 7, 5, 16, 17, 9, 4, 7, 14, 7, 16, 15],
[11, 17, 6, 3, 10, 19, 16, 12, 0, 19, 7, 21, 19, 20, 14, 13, 9, 9, 16, 3],
[23, 11, 20, 20, 11, 14, 4, 7, 19, 0, 12, 15, 18, 3, 6, 11, 20, 13, 18, 22],
[13, 11, 9, 8, 6, 14, 9, 5, 7, 12, 0, 16, 16, 13, 7, 9, 10, 6, 14, 10],
[17, 5, 18, 20, 21, 2, 12, 16, 21, 15, 16, 0, 6, 13, 12, 23, 16, 22, 8, 24],
[12, 7, 15, 17, 21, 5, 15, 17, 19, 18, 16, 6, 0, 17, 14, 24, 12, 22, 3, 21],
[23, 10, 21, 21, 14, 12, 4, 9, 20, 3, 13, 13, 17, 0, 6, 14, 20, 16, 17, 23],
[17, 7, 15, 15, 9, 10, 2, 4, 14, 6, 7, 12, 14, 6, 0, 11, 14, 11, 13, 17],
[22, 18, 17, 15, 3, 21, 11, 7, 13, 11, 9, 23, 24, 14, 11, 0, 19, 4, 22, 15],
[3, 13, 3, 6, 16, 14, 16, 14, 9, 20, 10, 16, 12, 20, 14, 19, 0, 15, 9, 10],
[18, 17, 14, 11, 2, 20, 12, 7, 9, 13, 6, 22, 22, 16, 11, 4, 15, 0, 20, 11],
[9, 8, 12, 14, 19, 7, 15, 16, 16, 18, 14, 8, 3, 17, 13, 22, 9, 20, 0, 18],
[12, 20, 7, 4, 12, 22, 19, 15, 3, 22, 10, 24, 21, 23, 17, 15, 10, 11, 18, 0]
   ],
//setup on machine: MAQ 9
[   [0, 11, 13, 2, 3, 16, 13, 8, 6, 18, 15, 5, 2, 15, 10, 16, 16, 11, 21, 10],
[11, 0, 14, 9, 11, 18, 19, 15, 11, 8, 8, 8, 13, 4, 9, 17, 13, 12, 16, 3],
[13, 14, 0, 11, 16, 4, 8, 7, 7, 16, 11, 16, 14, 15, 5, 4, 5, 2, 11, 11],
[2, 9, 11, 0, 5, 14, 12, 7, 4, 16, 13, 6, 4, 13, 8, 14, 14, 9, 19, 8],
[3, 11, 16, 5, 0, 19, 16, 11, 9, 19, 17, 4, 3, 15, 13, 19, 18, 14, 23, 11],
[16, 18, 4, 14, 19, 0, 7, 9, 10, 20, 14, 20, 17, 19, 9, 2, 7, 6, 12, 15],
[13, 19, 8, 12, 16, 7, 0, 5, 8, 23, 18, 18, 13, 21, 11, 9, 13, 8, 18, 17],
[8, 15, 7, 7, 11, 9, 5, 0, 4, 20, 15, 13, 9, 18, 9, 10, 12, 6, 18, 13],
[6, 11, 7, 4, 9, 10, 8, 4, 0, 17, 12, 10, 7, 14, 6, 11, 11, 5, 16, 9],
[18, 8, 16, 16, 19, 20, 23, 20, 17, 0, 6, 16, 20, 4, 12, 18, 13, 16, 12, 8],
[15, 8, 11, 13, 17, 14, 18, 15, 12, 6, 0, 15, 17, 6, 7, 12, 7, 10, 8, 6],
[5, 8, 16, 6, 4, 20, 18, 13, 10, 16, 15, 0, 6, 12, 12, 20, 18, 14, 22, 9],
[2, 13, 14, 4, 3, 17, 13, 9, 7, 20, 17, 6, 0, 16, 12, 18, 17, 12, 23, 12],
[15, 4, 15, 13, 15, 19, 21, 18, 14, 4, 6, 12, 16, 0, 10, 17, 13, 14, 14, 5],
[10, 9, 5, 8, 13, 9, 11, 9, 6, 12, 7, 12, 12, 10, 0, 8, 6, 4, 11, 6],
[16, 17, 4, 14, 19, 2, 9, 10, 11, 18, 12, 20, 18, 17, 8, 0, 5, 6, 10, 14],
[16, 13, 5, 14, 18, 7, 13, 12, 11, 13, 7, 18, 17, 13, 6, 5, 0, 6, 6, 10],
[11, 12, 2, 9, 14, 6, 8, 6, 5, 16, 10, 14, 12, 14, 4, 6, 6, 0, 12, 9],
[21, 16, 11, 19, 23, 12, 18, 18, 16, 12, 8, 22, 23, 14, 11, 10, 6, 12, 0, 13],
[10, 3, 11, 8, 11, 15, 17, 13, 9, 8, 6, 9, 12, 5, 6, 14, 10, 9, 13, 0]
   ],
//setup on machine: MAQ 10
[   [0, 10, 12, 5, 16, 20, 17, 13, 22, 23, 15, 13, 21, 12, 17, 1, 13, 5, 18, 27],
[10, 0, 2, 6, 19, 10, 16, 10, 14, 13, 10, 4, 11, 11, 8, 11, 3, 9, 16, 22],
[12, 2, 0, 8, 20, 9, 16, 10, 13, 11, 10, 2, 9, 12, 6, 13, 1, 11, 16, 21],
[5, 6, 8, 0, 14, 15, 13, 8, 17, 18, 10, 8, 17, 8, 14, 6, 9, 3, 14, 22],
[16, 19, 20, 14, 0, 22, 5, 10, 19, 25, 12, 18, 27, 8, 26, 17, 20, 12, 8, 17],
[20, 10, 9, 15, 22, 0, 17, 12, 6, 3, 10, 7, 7, 14, 9, 21, 8, 17, 15, 16],
[17, 16, 16, 13, 5, 17, 0, 6, 14, 20, 7, 15, 23, 5, 22, 17, 16, 12, 3, 12],
[13, 10, 10, 8, 10, 12, 6, 0, 11, 15, 3, 9, 17, 2, 16, 14, 10, 8, 6, 14],
[22, 14, 13, 17, 19, 6, 14, 11, 0, 7, 8, 11, 13, 13, 15, 23, 12, 18, 11, 10],
[23, 13, 11, 18, 25, 3, 20, 15, 7, 0, 13, 10, 7, 17, 10, 24, 10, 20, 18, 17],
[15, 10, 10, 10, 12, 10, 7, 3, 8, 13, 0, 8, 16, 5, 15, 16, 10, 11, 6, 12],
[13, 4, 2, 8, 18, 7, 15, 9, 11, 10, 8, 0, 9, 10, 8, 14, 2, 11, 14, 19],
[21, 11, 9, 17, 27, 7, 23, 17, 13, 7, 16, 9, 0, 19, 4, 22, 8, 20, 22, 23],
[12, 11, 12, 8, 8, 14, 5, 2, 13, 17, 5, 10, 19, 0, 18, 13, 12, 7, 6, 15],
[17, 8, 6, 14, 26, 9, 22, 16, 15, 10, 15, 8, 4, 18, 0, 18, 6, 17, 21, 25],
[1, 11, 13, 6, 17, 21, 17, 14, 23, 24, 16, 14, 22, 13, 18, 0, 14, 6, 19, 28],
[13, 3, 1, 9, 20, 8, 16, 10, 12, 10, 10, 2, 8, 12, 6, 14, 0, 12, 16, 21],
[5, 9, 11, 3, 12, 17, 12, 8, 18, 20, 11, 11, 20, 7, 17, 6, 12, 0, 13, 22],
[18, 16, 16, 14, 8, 15, 3, 6, 11, 18, 6, 14, 22, 6, 21, 19, 16, 13, 0, 9],
[27, 22, 21, 22, 17, 16, 12, 14, 10, 17, 12, 19, 23, 15, 25, 28, 21, 22, 9, 0]
   ],
//setup on machine: MAQ 11
[   [0, 24, 18, 14, 22, 21, 16, 9, 17, 18, 22, 4, 9, 20, 21, 24, 23, 9, 8, 17],
[24, 0, 13, 25, 7, 14, 25, 16, 7, 12, 19, 20, 23, 6, 22, 18, 10, 17, 19, 7],
[18, 13, 0, 14, 6, 3, 13, 16, 7, 1, 7, 14, 13, 14, 9, 8, 5, 9, 18, 8],
[14, 25, 14, 0, 20, 15, 2, 19, 18, 14, 13, 13, 5, 25, 10, 15, 19, 9, 20, 19],
[22, 7, 6, 20, 0, 7, 19, 17, 6, 6, 12, 18, 19, 11, 15, 11, 3, 14, 20, 6],
[21, 14, 3, 15, 7, 0, 13, 18, 9, 4, 5, 17, 15, 16, 8, 5, 4, 12, 21, 10],
[16, 25, 13, 2, 19, 13, 0, 20, 18, 13, 11, 14, 7, 25, 8, 13, 17, 10, 21, 19],
[9, 16, 16, 19, 17, 18, 20, 0, 11, 15, 22, 7, 14, 11, 22, 23, 19, 10, 3, 11],
[17, 7, 7, 18, 6, 9, 18, 11, 0, 6, 14, 13, 16, 7, 16, 14, 8, 10, 14, 1],
[18, 12, 1, 14, 6, 4, 13, 15, 6, 0, 8, 14, 13, 13, 10, 9, 5, 9, 18, 7],
[22, 19, 7, 13, 12, 5, 11, 22, 14, 8, 0, 19, 15, 21, 4, 2, 9, 13, 24, 15],
[4, 20, 14, 13, 18, 17, 14, 7, 13, 14, 19, 0, 8, 16, 19, 21, 19, 6, 7, 13],
[9, 23, 13, 5, 19, 15, 7, 14, 16, 13, 15, 8, 0, 21, 13, 17, 18, 6, 15, 16],
[20, 6, 14, 25, 11, 16, 25, 11, 7, 13, 21, 16, 21, 0, 23, 21, 14, 16, 14, 6],
[21, 22, 9, 10, 15, 8, 8, 22, 16, 10, 4, 19, 13, 23, 0, 5, 12, 13, 25, 17],
[24, 18, 8, 15, 11, 5, 13, 23, 14, 9, 2, 21, 17, 21, 5, 0, 8, 15, 26, 15],
[23, 10, 5, 19, 3, 4, 17, 19, 8, 5, 9, 19, 18, 14, 12, 8, 0, 14, 22, 9],
[9, 17, 9, 9, 14, 12, 10, 10, 10, 9, 13, 6, 6, 16, 13, 15, 14, 0, 12, 11],
[8, 19, 18, 20, 20, 21, 21, 3, 14, 18, 24, 7, 15, 14, 25, 26, 22, 12, 0, 14],
[17, 7, 8, 19, 6, 10, 19, 11, 1, 7, 15, 13, 16, 6, 17, 15, 9, 11, 14, 0]
   ],
//setup on machine: MAQ 12
[   [0, 9, 11, 4, 25, 20, 8, 4, 5, 15, 16, 3, 14, 5, 10, 9, 24, 17, 3, 13],
[9, 0, 12, 5, 19, 17, 15, 7, 12, 19, 7, 12, 11, 6, 7, 10, 18, 10, 12, 8],
[11, 12, 0, 10, 18, 9, 9, 13, 8, 8, 17, 11, 5, 7, 6, 2, 15, 12, 12, 7],
[4, 5, 10, 0, 22, 18, 11, 3, 8, 16, 12, 7, 12, 3, 7, 8, 21, 13, 7, 10],
[25, 19, 18, 22, 0, 11, 27, 25, 25, 25, 15, 27, 13, 21, 16, 18, 3, 9, 28, 13],
[20, 17, 9, 18, 11, 0, 18, 21, 17, 14, 18, 20, 6, 15, 11, 11, 8, 11, 21, 9],
[8, 15, 9, 11, 27, 18, 0, 11, 3, 8, 22, 5, 14, 9, 12, 9, 24, 20, 6, 15],
[4, 7, 13, 3, 25, 21, 11, 0, 8, 18, 14, 7, 15, 6, 10, 11, 24, 16, 6, 13],
[5, 12, 8, 8, 25, 17, 3, 8, 0, 10, 19, 3, 13, 6, 10, 7, 23, 17, 4, 13],
[15, 19, 8, 16, 25, 14, 8, 18, 10, 0, 25, 13, 13, 13, 14, 10, 22, 20, 14, 15],
[16, 7, 17, 12, 15, 18, 22, 14, 19, 25, 0, 19, 13, 13, 11, 15, 15, 8, 19, 10],
[3, 12, 11, 7, 27, 20, 5, 7, 3, 13, 19, 0, 15, 7, 11, 9, 25, 19, 1, 14],
[14, 11, 5, 12, 13, 6, 14, 15, 13, 13, 13, 15, 0, 9, 5, 6, 10, 7, 16, 4],
[5, 6, 7, 3, 21, 15, 9, 6, 6, 13, 13, 7, 9, 0, 5, 5, 19, 12, 7, 8],
[10, 7, 6, 7, 16, 11, 12, 10, 10, 14, 11, 11, 5, 5, 0, 4, 14, 8, 12, 3],
[9, 10, 2, 8, 18, 11, 9, 11, 7, 10, 15, 9, 6, 5, 4, 0, 16, 11, 10, 6],
[24, 18, 15, 21, 3, 8, 24, 24, 23, 22, 15, 25, 10, 19, 14, 16, 0, 8, 25, 11],
[17, 10, 12, 13, 9, 11, 20, 16, 17, 20, 8, 19, 7, 12, 8, 11, 8, 0, 19, 5],
[3, 12, 12, 7, 28, 21, 6, 6, 4, 14, 19, 1, 16, 7, 12, 10, 25, 19, 0, 15],
[13, 8, 7, 10, 13, 9, 15, 13, 13, 15, 10, 14, 4, 8, 3, 6, 11, 5, 15, 0]
   ],
//setup on machine: MAQ 13
[   [0, 14, 7, 9, 25, 8, 6, 17, 12, 2, 12, 15, 19, 20, 11, 9, 18, 3, 10, 23],
[14, 0, 21, 14, 24, 11, 16, 22, 6, 13, 3, 26, 10, 20, 4, 7, 9, 16, 19, 22],
[7, 21, 0, 12, 26, 15, 7, 16, 18, 9, 18, 10, 24, 22, 18, 15, 23, 6, 9, 24],
[9, 14, 12, 0, 16, 15, 5, 9, 8, 10, 11, 13, 13, 11, 13, 7, 12, 7, 6, 14],
[25, 24, 26, 16, 0, 30, 20, 10, 19, 25, 23, 20, 16, 5, 26, 20, 16, 22, 17, 2],
[8, 11, 15, 15, 30, 0, 13, 24, 13, 6, 9, 23, 19, 25, 7, 10, 18, 11, 17, 28],
[6, 16, 7, 5, 20, 13, 0, 11, 11, 7, 13, 10, 17, 15, 14, 9, 16, 3, 4, 18],
[17, 22, 16, 9, 10, 24, 11, 0, 16, 18, 20, 10, 17, 8, 22, 16, 17, 14, 8, 9],
[12, 6, 18, 8, 19, 13, 11, 16, 0, 11, 4, 21, 7, 14, 7, 3, 6, 12, 14, 17],
[2, 13, 9, 10, 25, 6, 7, 18, 11, 0, 10, 17, 18, 21, 9, 8, 17, 5, 11, 23],
[12, 3, 18, 11, 23, 9, 13, 20, 4, 10, 0, 23, 10, 18, 3, 4, 9, 13, 16, 21],
[15, 26, 10, 13, 20, 23, 10, 10, 21, 17, 23, 0, 25, 17, 24, 19, 24, 12, 7, 19],
[19, 10, 24, 13, 16, 19, 17, 17, 7, 18, 10, 25, 0, 12, 13, 10, 1, 18, 18, 14],
[20, 20, 22, 11, 5, 25, 15, 8, 14, 21, 18, 17, 12, 0, 21, 15, 12, 18, 13, 3],
[11, 4, 18, 13, 26, 7, 14, 22, 7, 9, 3, 24, 13, 21, 0, 6, 12, 13, 17, 24],
[9, 7, 15, 7, 20, 10, 9, 16, 3, 8, 4, 19, 10, 15, 6, 0, 9, 9, 12, 18],
[18, 9, 23, 12, 16, 18, 16, 17, 6, 17, 9, 24, 1, 12, 12, 9, 0, 17, 17, 14],
[3, 16, 6, 7, 22, 11, 3, 14, 12, 5, 13, 12, 18, 18, 13, 9, 17, 0, 7, 21],
[10, 19, 9, 6, 17, 17, 4, 8, 14, 11, 16, 7, 18, 13, 17, 12, 17, 7, 0, 16],
[23, 22, 24, 14, 2, 28, 18, 9, 17, 23, 21, 19, 14, 3, 24, 18, 14, 21, 16, 0]
   ],
//setup on machine: MAQ 14
[   [0, 6, 9, 9, 11, 10, 11, 9, 11, 7, 12, 2, 6, 6, 11, 11, 11, 2, 6, 14],
[6, 0, 15, 9, 7, 14, 11, 12, 16, 9, 17, 5, 1, 12, 5, 16, 14, 8, 9, 10],
[9, 15, 0, 17, 18, 13, 18, 15, 12, 15, 12, 10, 15, 5, 19, 3, 7, 8, 13, 23],
[9, 9, 17, 0, 16, 8, 2, 4, 10, 2, 12, 10, 8, 12, 13, 19, 20, 10, 4, 7],
[11, 7, 18, 16, 0, 21, 18, 18, 22, 16, 23, 9, 8, 17, 3, 18, 15, 13, 16, 15],
[10, 14, 13, 8, 21, 0, 8, 4, 2, 6, 4, 12, 13, 8, 19, 16, 18, 9, 5, 15],
[11, 11, 18, 2, 18, 8, 0, 4, 10, 4, 12, 12, 10, 13, 15, 21, 21, 12, 6, 7],
[9, 12, 15, 4, 18, 4, 4, 0, 6, 3, 8, 11, 11, 10, 16, 17, 19, 9, 3, 11],
[11, 16, 12, 10, 22, 2, 10, 6, 0, 8, 2, 13, 15, 8, 21, 15, 18, 10, 7, 17],
[7, 9, 15, 2, 16, 6, 4, 3, 8, 0, 10, 9, 8, 10, 14, 17, 18, 8, 2, 9],
[12, 17, 12, 12, 23, 4, 12, 8, 2, 10, 0, 14, 17, 8, 22, 15, 18, 11, 9, 19],
[2, 5, 10, 10, 9, 12, 12, 11, 13, 9, 14, 0, 5, 8, 9, 11, 10, 4, 8, 14],
[6, 1, 15, 8, 8, 13, 10, 11, 15, 8, 17, 5, 0, 12, 6, 16, 15, 8, 8, 9],
[6, 12, 5, 12, 17, 8, 13, 10, 8, 10, 8, 8, 12, 0, 17, 8, 10, 4, 8, 18],
[11, 5, 19, 13, 3, 19, 15, 16, 21, 14, 22, 9, 6, 17, 0, 19, 17, 13, 14, 12],
[11, 16, 3, 19, 18, 16, 21, 17, 15, 17, 15, 11, 16, 8, 19, 0, 4, 9, 15, 24],
[11, 14, 7, 20, 15, 18, 21, 19, 18, 18, 18, 10, 15, 10, 17, 4, 0, 10, 16, 24],
[2, 8, 8, 10, 13, 9, 12, 9, 10, 8, 11, 4, 8, 4, 13, 9, 10, 0, 6, 15],
[6, 9, 13, 4, 16, 5, 6, 3, 7, 2, 9, 8, 8, 8, 14, 15, 16, 6, 0, 11],
[14, 10, 23, 7, 15, 15, 7, 11, 17, 9, 19, 14, 9, 18, 12, 24, 24, 15, 11, 0]
   ],
//setup on machine: MAQ 15
[   [0, 4, 6, 12, 11, 20, 8, 21, 3, 28, 4, 19, 18, 21, 9, 18, 4, 8, 12, 12],
[4, 0, 8, 9, 7, 20, 7, 17, 4, 25, 1, 17, 17, 19, 7, 14, 7, 10, 8, 9],
[6, 8, 0, 11, 13, 15, 4, 23, 9, 24, 9, 14, 14, 16, 6, 21, 3, 2, 15, 12],
[12, 9, 11, 0, 5, 15, 7, 13, 13, 16, 10, 10, 9, 12, 5, 13, 13, 13, 9, 2],
[11, 7, 13, 5, 0, 20, 9, 10, 11, 20, 8, 15, 14, 17, 8, 9, 13, 15, 4, 3],
[20, 20, 15, 15, 20, 0, 13, 27, 23, 16, 21, 6, 7, 5, 13, 27, 18, 14, 24, 17],
[8, 7, 4, 7, 9, 13, 0, 19, 10, 21, 8, 11, 11, 13, 2, 18, 6, 6, 13, 8],
[21, 17, 23, 13, 10, 27, 19, 0, 20, 20, 17, 21, 20, 23, 17, 4, 23, 25, 9, 11],
[3, 4, 9, 13, 11, 23, 10, 20, 0, 29, 4, 21, 21, 23, 11, 17, 7, 11, 11, 13],
[28, 25, 24, 16, 20, 16, 21, 20, 29, 0, 26, 11, 11, 11, 19, 23, 27, 26, 23, 17],
[4, 1, 9, 10, 8, 21, 8, 17, 4, 26, 0, 18, 18, 20, 8, 14, 7, 11, 8, 9],
[19, 17, 14, 10, 15, 6, 11, 21, 21, 11, 18, 0, 1, 2, 10, 22, 17, 15, 19, 12],
[18, 17, 14, 9, 14, 7, 11, 20, 21, 11, 18, 1, 0, 3, 10, 21, 17, 15, 18, 11],
[21, 19, 16, 12, 17, 5, 13, 23, 23, 11, 20, 2, 3, 0, 12, 24, 19, 16, 21, 14],
[9, 7, 6, 5, 8, 13, 2, 17, 11, 19, 8, 10, 10, 12, 0, 16, 8, 8, 11, 6],
[18, 14, 21, 13, 9, 27, 18, 4, 17, 23, 14, 22, 21, 24, 16, 0, 21, 23, 6, 11],
[4, 7, 3, 13, 13, 18, 6, 23, 7, 27, 7, 17, 17, 19, 8, 21, 0, 4, 15, 13],
[8, 10, 2, 13, 15, 14, 6, 25, 11, 26, 11, 15, 15, 16, 8, 23, 4, 0, 17, 14],
[12, 8, 15, 9, 4, 24, 13, 9, 11, 23, 8, 19, 18, 21, 11, 6, 15, 17, 0, 7],
[12, 9, 12, 2, 3, 17, 8, 11, 13, 17, 9, 12, 11, 14, 6, 11, 13, 14, 7, 0]
   ],
//setup on machine: MAQ 16
[   [0, 26, 11, 3, 3, 25, 2, 19, 25, 14, 17, 8, 21, 6, 19, 19, 21, 11, 12, 21],
[26, 0, 17, 28, 28, 1, 24, 9, 1, 19, 20, 19, 8, 20, 16, 22, 18, 20, 20, 15],
[11, 17, 0, 12, 14, 16, 9, 8, 16, 16, 19, 3, 15, 6, 8, 21, 21, 4, 4, 19],
[3, 28, 12, 0, 4, 27, 4, 20, 27, 17, 20, 9, 23, 8, 19, 22, 24, 11, 12, 24],
[3, 28, 14, 4, 0, 27, 5, 22, 27, 15, 17, 11, 23, 9, 22, 19, 22, 14, 15, 22],
[25, 1, 16, 27, 27, 0, 23, 8, 1, 19, 20, 18, 8, 19, 15, 22, 18, 19, 19, 15],
[2, 24, 9, 4, 5, 23, 0, 17, 23, 14, 17, 6, 20, 4, 17, 19, 21, 9, 10, 20],
[19, 9, 8, 20, 22, 8, 17, 0, 8, 17, 19, 11, 10, 13, 8, 22, 19, 12, 11, 16],
[25, 1, 16, 27, 27, 1, 23, 8, 0, 18, 19, 19, 7, 19, 16, 21, 17, 20, 19, 14],
[14, 19, 16, 17, 15, 19, 14, 17, 18, 0, 3, 15, 11, 12, 23, 6, 7, 19, 19, 8],
[17, 20, 19, 20, 17, 20, 17, 19, 19, 3, 0, 18, 12, 15, 25, 3, 5, 22, 22, 7],
[8, 19, 3, 9, 11, 18, 6, 11, 19, 15, 18, 0, 16, 4, 11, 21, 21, 4, 5, 19],
[21, 8, 15, 23, 23, 8, 20, 10, 7, 11, 12, 16, 0, 16, 18, 14, 10, 19, 19, 7],
[6, 20, 6, 8, 9, 19, 4, 13, 19, 12, 15, 4, 16, 0, 14, 17, 18, 8, 9, 17],
[19, 16, 8, 19, 22, 15, 17, 8, 16, 23, 25, 11, 18, 14, 0, 28, 26, 8, 7, 24],
[19, 22, 21, 22, 19, 22, 19, 22, 21, 6, 3, 21, 14, 17, 28, 0, 5, 25, 25, 8],
[21, 18, 21, 24, 22, 18, 21, 19, 17, 7, 5, 21, 10, 18, 26, 5, 0, 24, 25, 3],
[11, 20, 4, 11, 14, 19, 9, 12, 20, 19, 22, 4, 19, 8, 8, 25, 24, 0, 1, 23],
[12, 20, 4, 12, 15, 19, 10, 11, 19, 19, 22, 5, 19, 9, 7, 25, 25, 1, 0, 23],
[21, 15, 19, 24, 22, 15, 20, 16, 14, 8, 7, 19, 7, 17, 24, 8, 3, 23, 23, 0]
   ],
//setup on machine: MAQ 17
[   [0, 16, 16, 10, 11, 16, 16, 8, 11, 17, 16, 13, 6, 18, 9, 6, 16, 11, 17, 7],
[16, 0, 11, 17, 6, 20, 17, 10, 8, 2, 4, 13, 11, 24, 24, 19, 16, 26, 9, 18],
[16, 11, 0, 23, 13, 10, 7, 9, 6, 10, 7, 4, 15, 14, 25, 15, 5, 24, 3, 22],
[10, 17, 23, 0, 11, 26, 25, 15, 17, 19, 19, 21, 8, 28, 11, 16, 24, 17, 23, 4],
[11, 6, 13, 11, 0, 19, 18, 8, 8, 8, 8, 13, 5, 23, 18, 15, 16, 22, 12, 12],
[16, 20, 10, 26, 19, 0, 3, 12, 12, 19, 16, 7, 18, 4, 23, 11, 5, 19, 13, 23],
[16, 17, 7, 25, 18, 3, 0, 11, 10, 17, 14, 5, 17, 7, 24, 12, 2, 21, 10, 23],
[8, 10, 9, 15, 8, 12, 11, 0, 4, 11, 9, 6, 7, 15, 17, 9, 10, 17, 10, 13],
[11, 8, 6, 17, 8, 12, 10, 4, 0, 8, 5, 5, 9, 16, 20, 12, 8, 21, 6, 16],
[17, 2, 10, 19, 8, 19, 17, 11, 8, 0, 3, 12, 12, 23, 25, 19, 15, 27, 8, 20],
[16, 4, 7, 19, 8, 16, 14, 9, 5, 3, 0, 9, 12, 20, 24, 17, 12, 26, 5, 19],
[13, 13, 4, 21, 13, 7, 5, 6, 5, 12, 9, 0, 13, 11, 22, 11, 4, 20, 7, 19],
[6, 11, 15, 8, 5, 18, 17, 7, 9, 12, 12, 13, 0, 21, 13, 11, 17, 17, 15, 8],
[18, 24, 14, 28, 23, 4, 7, 15, 16, 23, 20, 11, 21, 0, 24, 12, 9, 19, 17, 25],
[9, 24, 25, 11, 18, 23, 24, 17, 20, 25, 24, 22, 13, 24, 0, 12, 24, 7, 26, 7],
[6, 19, 15, 16, 15, 11, 12, 9, 12, 19, 17, 11, 11, 12, 12, 0, 13, 9, 17, 13],
[16, 16, 5, 24, 16, 5, 2, 10, 8, 15, 12, 4, 17, 9, 24, 13, 0, 22, 8, 22],
[11, 26, 24, 17, 22, 19, 21, 17, 21, 27, 26, 20, 17, 19, 7, 9, 22, 0, 26, 13],
[17, 9, 3, 23, 12, 13, 10, 10, 6, 8, 5, 7, 15, 17, 26, 17, 8, 26, 0, 22],
[7, 18, 22, 4, 12, 23, 23, 13, 16, 20, 19, 19, 8, 25, 7, 13, 22, 13, 22, 0]
   ],
//setup on machine: MAQ 18
[   [0, 15, 14, 20, 7, 14, 3, 9, 17, 12, 12, 12, 9, 10, 4, 23, 14, 20, 8, 19],
[15, 0, 11, 16, 9, 23, 13, 18, 15, 21, 10, 25, 15, 5, 12, 21, 4, 5, 8, 4],
[14, 11, 0, 6, 11, 13, 11, 10, 4, 12, 2, 17, 7, 9, 12, 11, 7, 13, 10, 14],
[20, 16, 6, 0, 17, 15, 17, 14, 3, 14, 8, 20, 11, 15, 18, 5, 12, 17, 16, 18],
[7, 9, 11, 17, 0, 17, 4, 11, 14, 15, 9, 17, 10, 4, 3, 21, 8, 14, 1, 12],
[14, 23, 13, 15, 17, 0, 14, 6, 12, 2, 13, 6, 8, 18, 16, 14, 19, 26, 17, 26],
[3, 13, 11, 17, 4, 14, 0, 8, 14, 12, 9, 13, 8, 8, 2, 21, 11, 17, 5, 16],
[9, 18, 10, 14, 11, 6, 8, 0, 11, 4, 9, 7, 3, 13, 10, 16, 15, 22, 12, 21],
[17, 15, 4, 3, 14, 12, 14, 11, 0, 11, 6, 17, 8, 13, 16, 7, 11, 17, 14, 17],
[12, 21, 12, 14, 15, 2, 12, 4, 11, 0, 11, 6, 6, 17, 14, 14, 18, 25, 16, 24],
[12, 10, 2, 8, 9, 13, 9, 9, 6, 11, 0, 16, 6, 7, 10, 13, 7, 14, 8, 13],
[12, 25, 17, 20, 17, 6, 13, 7, 17, 6, 16, 0, 10, 20, 15, 20, 22, 29, 18, 28],
[9, 15, 7, 11, 10, 8, 8, 3, 8, 6, 6, 10, 0, 11, 9, 14, 12, 19, 10, 19],
[10, 5, 9, 15, 4, 18, 8, 13, 13, 17, 7, 20, 11, 0, 7, 19, 4, 10, 3, 9],
[4, 12, 12, 18, 3, 16, 2, 10, 16, 14, 10, 15, 9, 7, 0, 22, 11, 17, 4, 15],
[23, 21, 11, 5, 21, 14, 21, 16, 7, 14, 13, 20, 14, 19, 22, 0, 17, 22, 21, 23],
[14, 4, 7, 12, 8, 19, 11, 15, 11, 18, 7, 22, 12, 4, 11, 17, 0, 7, 7, 7],
[20, 5, 13, 17, 14, 26, 17, 22, 17, 25, 14, 29, 19, 10, 17, 22, 7, 0, 13, 2],
[8, 8, 10, 16, 1, 17, 5, 12, 14, 16, 8, 18, 10, 3, 4, 21, 7, 13, 0, 11],
[19, 4, 14, 18, 12, 26, 16, 21, 17, 24, 13, 28, 19, 9, 15, 23, 7, 2, 11, 0]
   ],
//setup on machine: MAQ 19
[   [0, 13, 14, 18, 16, 26, 17, 10, 12, 4, 15, 12, 15, 19, 21, 13, 23, 4, 4, 20],
[13, 0, 6, 11, 26, 23, 22, 16, 21, 17, 23, 15, 23, 7, 24, 5, 23, 9, 15, 9],
[14, 6, 0, 5, 23, 17, 17, 12, 18, 18, 20, 10, 19, 7, 19, 1, 17, 10, 17, 6],
[18, 11, 5, 0, 24, 12, 16, 13, 18, 22, 20, 10, 19, 9, 16, 6, 13, 15, 21, 7],
[16, 26, 23, 24, 0, 24, 9, 11, 6, 16, 4, 14, 5, 30, 13, 23, 19, 20, 18, 29],
[26, 23, 17, 12, 24, 0, 15, 17, 21, 29, 20, 14, 19, 21, 11, 18, 5, 25, 30, 18],
[17, 22, 17, 16, 9, 15, 0, 7, 6, 18, 5, 8, 4, 24, 5, 18, 10, 18, 20, 23],
[10, 16, 12, 13, 11, 17, 7, 0, 6, 13, 8, 3, 7, 19, 11, 12, 13, 11, 14, 18],
[12, 21, 18, 18, 6, 21, 6, 6, 0, 13, 3, 9, 3, 25, 11, 18, 16, 15, 14, 24],
[4, 17, 18, 22, 16, 29, 18, 13, 13, 0, 16, 15, 16, 23, 23, 17, 26, 8, 2, 24],
[15, 23, 20, 20, 4, 20, 5, 8, 3, 16, 0, 10, 1, 27, 10, 20, 15, 17, 17, 26],
[12, 15, 10, 10, 14, 14, 8, 3, 9, 15, 10, 0, 9, 17, 10, 10, 11, 12, 16, 16],
[15, 23, 19, 19, 5, 19, 4, 7, 3, 16, 1, 9, 0, 26, 9, 19, 14, 17, 17, 25],
[19, 7, 7, 9, 30, 21, 24, 19, 25, 23, 27, 17, 26, 0, 25, 7, 22, 15, 22, 3],
[21, 24, 19, 16, 13, 11, 5, 11, 11, 23, 10, 10, 9, 25, 0, 19, 6, 22, 24, 23],
[13, 5, 1, 6, 23, 18, 18, 12, 18, 17, 20, 10, 19, 7, 19, 0, 18, 9, 16, 7],
[23, 23, 17, 13, 19, 5, 10, 13, 16, 26, 15, 11, 14, 22, 6, 18, 0, 23, 27, 20],
[4, 9, 10, 15, 20, 25, 18, 11, 15, 8, 17, 12, 17, 15, 22, 9, 23, 0, 7, 16],
[4, 15, 17, 21, 18, 30, 20, 14, 14, 2, 17, 16, 17, 22, 24, 16, 27, 7, 0, 23],
[20, 9, 6, 7, 29, 18, 23, 18, 24, 24, 26, 16, 25, 3, 23, 7, 20, 16, 23, 0]
   ]
];