// INSTANCIA 7X7-10
nbJobs = 7;
nbMchs = 7;

OpDurations = [
[62, 42, 19, 51, 94, 86, 3]
[21, 90, 4, 61, 92, 61, 13]
[18, 75, 86, 4, 78, 35, 64]
[48, 1, 95, 38, 57, 27, 18]
[92, 61, 46, 64, 6, 54, 50]
[30, 70, 83, 61, 40, 5, 53]
[57, 21, 65, 84, 21, 89, 49]
];

setup = [
//setup on machine: MAQ 1
[   [0, 27, 27, 12, 26, 6, 22],
[27, 0, 11, 26, 14, 26, 16],
[27, 11, 0, 22, 4, 29, 8],
[12, 26, 22, 0, 19, 17, 14],
[26, 14, 4, 19, 0, 28, 5],
[6, 26, 29, 17, 28, 0, 24],
[22, 16, 8, 14, 5, 24, 0]
   ],
//setup on machine: MAQ 2
[   [0, 14, 16, 15, 19, 1, 17],
[14, 0, 3, 20, 5, 13, 17],
[16, 3, 0, 23, 3, 15, 19],
[15, 20, 23, 0, 24, 14, 6],
[19, 5, 3, 24, 0, 18, 21],
[1, 13, 15, 14, 18, 0, 16],
[17, 17, 19, 6, 21, 16, 0]
   ],
//setup on machine: MAQ 3
[   [0, 12, 20, 9, 21, 13, 12],
[12, 0, 21, 21, 25, 24, 17],
[20, 21, 0, 24, 6, 19, 9],
[9, 21, 24, 0, 22, 8, 15],
[21, 25, 6, 22, 0, 16, 9],
[13, 24, 19, 8, 16, 0, 12],
[12, 17, 9, 15, 9, 12, 0]
   ],
//setup on machine: MAQ 4
[   [0, 14, 9, 25, 29, 24, 28],
[14, 0, 18, 11, 16, 11, 16],
[9, 18, 0, 26, 29, 29, 28],
[25, 11, 26, 0, 6, 11, 7],
[29, 16, 29, 6, 0, 17, 2],
[24, 11, 29, 11, 17, 0, 18],
[28, 16, 28, 7, 2, 18, 0]
   ],
//setup on machine: MAQ 5
[   [0, 16, 11, 16, 21, 10, 10],
[16, 0, 21, 25, 6, 7, 6],
[11, 21, 0, 26, 27, 18, 18],
[16, 25, 26, 0, 27, 18, 19],
[21, 6, 27, 27, 0, 11, 11],
[10, 7, 18, 18, 11, 0, 1],
[10, 6, 18, 19, 11, 1, 0]
   ],
//setup on machine: MAQ 6
[   [0, 22, 17, 19, 14, 12, 18],
[22, 0, 7, 17, 18, 10, 7],
[17, 7, 0, 18, 17, 7, 2],
[19, 17, 18, 0, 5, 12, 20],
[14, 18, 17, 5, 0, 10, 19],
[12, 10, 7, 12, 10, 0, 9],
[18, 7, 2, 20, 19, 9, 0]
   ],
//setup on machine: MAQ 7
[   [0, 11, 4, 9, 14, 18, 20],
[11, 0, 14, 13, 22, 13, 14],
[4, 14, 0, 9, 12, 21, 23],
[9, 13, 9, 0, 9, 13, 15],
[14, 22, 12, 9, 0, 21, 23],
[18, 13, 21, 13, 21, 0, 2],
[20, 14, 23, 15, 23, 2, 0]
   ]
];