// INSTANCIA FGSSP 20x20-06
nbJobs = 20;
nbMchs = 20;

OpDurations = [
[16, 74, 7, 43, 62, 40, 21, 66, 40, 6, 90, 91, 33, 71, 23, 10, 51, 54, 18, 23]
[39, 64, 44, 79, 98, 33, 27, 30, 41, 11, 75, 66, 59, 49, 79, 12, 64, 95, 53, 57]
[90, 75, 57, 21, 1, 78, 86, 3, 76, 50, 88, 90, 3, 45, 60, 14, 32, 19, 94, 54]
[89, 43, 70, 13, 24, 76, 88, 62, 98, 53, 57, 9, 53, 82, 48, 98, 9, 16, 39, 59]
[1, 87, 52, 13, 95, 59, 40, 47, 12, 30, 74, 54, 16, 31, 52, 94, 79, 46, 11, 5]
[87, 47, 59, 44, 78, 91, 70, 57, 76, 10, 25, 13, 45, 89, 66, 71, 93, 64, 13, 90]
[31, 50, 31, 42, 63, 71, 30, 39, 86, 88, 97, 85, 31, 91, 37, 44, 92, 84, 68, 7]
[10, 72, 14, 27, 27, 29, 47, 79, 68, 19, 59, 57, 6, 15, 37, 25, 59, 96, 53, 30]
[87, 7, 83, 28, 31, 28, 44, 37, 80, 96, 28, 78, 70, 56, 38, 14, 4, 14, 63, 1]
[52, 64, 40, 92, 32, 10, 93, 35, 3, 7, 5, 10, 32, 38, 96, 73, 83, 80, 61, 63]
[66, 70, 69, 18, 58, 45, 27, 1, 26, 33, 61, 23, 72, 64, 3, 2, 87, 86, 1, 86]
[49, 54, 82, 64, 96, 73, 95, 47, 89, 44, 79, 49, 26, 36, 28, 29, 69, 50, 11, 30]
[72, 87, 24, 89, 21, 42, 44, 41, 3, 67, 34, 29, 19, 25, 25, 55, 80, 1, 99, 36]
[86, 77, 99, 89, 4, 52, 50, 22, 63, 90, 88, 83, 60, 3, 72, 59, 7, 15, 38, 30]
[3, 40, 11, 81, 48, 52, 70, 14, 18, 28, 92, 61, 16, 73, 9, 72, 39, 51, 1, 86]
[29, 76, 73, 60, 85, 22, 52, 37, 21, 72, 26, 86, 74, 87, 8, 27, 19, 51, 56, 59]
[24, 42, 21, 81, 54, 78, 29, 40, 46, 82, 15, 1, 39, 12, 13, 38, 17, 54, 69, 23]
[59, 96, 23, 35, 47, 30, 32, 29, 1, 5, 25, 3, 36, 26, 76, 72, 77, 55, 88, 88]
[68, 65, 98, 22, 72, 36, 59, 1, 53, 1, 84, 29, 19, 74, 35, 81, 50, 83, 56, 10]
[29, 14, 6, 59, 5, 96, 60, 9, 6, 92, 57, 42, 83, 18, 97, 7, 73, 96, 72, 78]
];

setup = [
//setup on machine: MAQ 0
[   [0, 2, 15, 11, 15, 8, 7, 11, 14, 9, 17, 18, 23, 7, 14, 17, 16, 14, 15, 14],
[2, 0, 15, 11, 14, 8, 9, 10, 13, 9, 17, 18, 21, 8, 12, 16, 16, 12, 14, 12],
[15, 15, 0, 26, 7, 23, 15, 24, 28, 24, 2, 3, 22, 22, 16, 8, 3, 25, 8, 19],
[11, 11, 26, 0, 23, 6, 17, 4, 4, 4, 27, 29, 25, 9, 17, 25, 26, 8, 23, 15],
[15, 14, 7, 23, 0, 22, 18, 21, 24, 22, 7, 9, 15, 22, 10, 2, 5, 21, 1, 13],
[8, 8, 23, 6, 22, 0, 12, 9, 10, 2, 25, 25, 27, 3, 18, 24, 24, 13, 22, 17],
[7, 9, 15, 17, 18, 12, 0, 18, 21, 13, 17, 17, 29, 9, 20, 20, 17, 21, 18, 21],
[11, 10, 24, 4, 21, 9, 18, 0, 4, 7, 25, 27, 21, 12, 13, 22, 24, 4, 20, 11],
[14, 13, 28, 4, 24, 10, 21, 4, 0, 8, 29, 30, 23, 13, 16, 26, 28, 5, 24, 14],
[9, 9, 24, 4, 22, 2, 13, 7, 8, 0, 25, 26, 26, 5, 18, 24, 25, 11, 22, 17],
[17, 17, 2, 27, 7, 25, 17, 25, 29, 25, 0, 2, 22, 24, 17, 7, 2, 26, 8, 20],
[18, 18, 3, 29, 9, 25, 17, 27, 30, 26, 2, 0, 24, 24, 19, 9, 4, 28, 10, 22],
[23, 21, 22, 25, 15, 27, 29, 21, 23, 26, 22, 24, 0, 29, 9, 15, 20, 18, 14, 10],
[7, 8, 22, 9, 22, 3, 9, 12, 13, 5, 24, 24, 29, 0, 20, 24, 23, 15, 22, 19],
[14, 12, 16, 17, 10, 18, 20, 13, 16, 18, 17, 19, 9, 20, 0, 11, 15, 12, 9, 3],
[17, 16, 8, 25, 2, 24, 20, 22, 26, 24, 7, 9, 15, 24, 11, 0, 5, 22, 2, 14],
[16, 16, 3, 26, 5, 24, 17, 24, 28, 25, 2, 4, 20, 23, 15, 5, 0, 25, 6, 18],
[14, 12, 25, 8, 21, 13, 21, 4, 5, 11, 26, 28, 18, 15, 12, 22, 25, 0, 20, 9],
[15, 14, 8, 23, 1, 22, 18, 20, 24, 22, 8, 10, 14, 22, 9, 2, 6, 20, 0, 12],
[14, 12, 19, 15, 13, 17, 21, 11, 14, 17, 20, 22, 10, 19, 3, 14, 18, 9, 12, 0]
   ],
//setup on machine: MAQ 1
[   [0, 7, 6, 18, 13, 15, 11, 18, 12, 7, 17, 6, 6, 8, 8, 13, 21, 15, 12, 8],
[7, 0, 7, 22, 15, 14, 4, 22, 14, 14, 19, 8, 12, 7, 8, 19, 24, 20, 17, 4],
[6, 7, 0, 16, 9, 9, 8, 15, 7, 12, 13, 1, 7, 12, 13, 15, 17, 13, 11, 10],
[18, 22, 16, 0, 8, 15, 23, 2, 10, 18, 8, 15, 12, 26, 26, 11, 6, 3, 6, 25],
[13, 15, 9, 8, 0, 7, 16, 7, 2, 16, 4, 8, 9, 21, 21, 13, 9, 7, 7, 19],
[15, 14, 9, 15, 7, 0, 12, 13, 6, 20, 8, 9, 14, 21, 21, 20, 13, 14, 14, 17],
[11, 4, 8, 23, 16, 12, 0, 23, 14, 18, 19, 9, 15, 11, 12, 22, 24, 21, 19, 7],
[18, 22, 15, 2, 7, 13, 23, 0, 9, 19, 6, 14, 13, 26, 26, 13, 4, 4, 8, 25],
[12, 14, 7, 10, 2, 6, 14, 9, 0, 16, 6, 6, 9, 19, 19, 14, 10, 9, 8, 17],
[7, 14, 12, 18, 16, 20, 18, 19, 16, 0, 20, 12, 7, 12, 11, 9, 23, 15, 12, 14],
[17, 19, 13, 8, 4, 8, 19, 6, 6, 20, 0, 12, 13, 25, 25, 16, 5, 8, 10, 23],
[6, 8, 1, 15, 8, 9, 9, 14, 6, 12, 12, 0, 6, 13, 13, 14, 16, 12, 10, 11],
[6, 12, 7, 12, 9, 14, 15, 13, 9, 7, 13, 6, 0, 14, 14, 8, 16, 9, 6, 14],
[8, 7, 12, 26, 21, 21, 11, 26, 19, 12, 25, 13, 14, 0, 1, 20, 29, 23, 20, 4],
[8, 8, 13, 26, 21, 21, 12, 26, 19, 11, 25, 13, 14, 1, 0, 19, 29, 23, 20, 5],
[13, 19, 15, 11, 13, 20, 22, 13, 14, 9, 16, 14, 8, 20, 19, 0, 17, 9, 6, 21],
[21, 24, 17, 6, 9, 13, 24, 4, 10, 23, 5, 16, 16, 29, 29, 17, 0, 8, 11, 27],
[15, 20, 13, 3, 7, 14, 21, 4, 9, 15, 8, 12, 9, 23, 23, 9, 8, 0, 4, 22],
[12, 17, 11, 6, 7, 14, 19, 8, 8, 12, 10, 10, 6, 20, 20, 6, 11, 4, 0, 20],
[8, 4, 10, 25, 19, 17, 7, 25, 17, 14, 23, 11, 14, 4, 5, 21, 27, 22, 20, 0]
   ],
//setup on machine: MAQ 2
[   [0, 18, 18, 9, 5, 14, 3, 17, 8, 20, 9, 14, 25, 13, 7, 13, 16, 7, 21, 18],
[18, 0, 12, 11, 21, 10, 21, 17, 16, 3, 16, 4, 7, 7, 11, 10, 14, 12, 4, 13],
[18, 12, 0, 17, 23, 19, 21, 26, 11, 15, 11, 13, 17, 7, 14, 18, 23, 11, 11, 1],
[9, 11, 17, 0, 11, 5, 11, 10, 12, 13, 13, 7, 17, 10, 4, 4, 8, 8, 15, 17],
[5, 21, 23, 11, 0, 15, 3, 16, 13, 23, 14, 17, 28, 17, 11, 14, 16, 12, 25, 23],
[14, 10, 19, 5, 15, 0, 16, 7, 16, 10, 17, 7, 15, 12, 8, 1, 4, 12, 14, 20],
[3, 21, 21, 11, 3, 16, 0, 18, 10, 23, 11, 17, 28, 16, 10, 15, 17, 10, 24, 21],
[17, 17, 26, 10, 16, 7, 18, 0, 22, 16, 23, 14, 20, 19, 14, 8, 3, 18, 21, 27],
[8, 16, 11, 12, 13, 16, 10, 22, 0, 18, 1, 13, 23, 9, 8, 15, 20, 4, 18, 11],
[20, 3, 15, 13, 23, 10, 23, 16, 18, 0, 19, 6, 5, 10, 13, 10, 13, 15, 5, 16],
[9, 16, 11, 13, 14, 17, 11, 23, 1, 19, 0, 14, 23, 9, 9, 16, 21, 5, 18, 10],
[14, 4, 13, 7, 17, 7, 17, 14, 13, 6, 14, 0, 11, 6, 7, 6, 11, 9, 8, 14],
[25, 7, 17, 17, 28, 15, 28, 20, 23, 5, 23, 11, 0, 14, 18, 15, 17, 19, 6, 18],
[13, 7, 7, 10, 17, 12, 16, 19, 9, 10, 9, 6, 14, 0, 7, 11, 16, 6, 9, 8],
[7, 11, 14, 4, 11, 8, 10, 14, 8, 13, 9, 7, 18, 7, 0, 7, 12, 4, 14, 14],
[13, 10, 18, 4, 14, 1, 15, 8, 15, 10, 16, 6, 15, 11, 7, 0, 5, 11, 14, 19],
[16, 14, 23, 8, 16, 4, 17, 3, 20, 13, 21, 11, 17, 16, 12, 5, 0, 16, 18, 24],
[7, 12, 11, 8, 12, 12, 10, 18, 4, 15, 5, 9, 19, 6, 4, 11, 16, 0, 15, 11],
[21, 4, 11, 15, 25, 14, 24, 21, 18, 5, 18, 8, 6, 9, 14, 14, 18, 15, 0, 12],
[18, 13, 1, 17, 23, 20, 21, 27, 11, 16, 10, 14, 18, 8, 14, 19, 24, 11, 12, 0]
   ],
//setup on machine: MAQ 3
[   [0, 18, 5, 7, 20, 5, 17, 14, 22, 9, 19, 20, 20, 19, 11, 19, 15, 6, 18, 9],
[18, 0, 22, 16, 3, 15, 11, 29, 17, 13, 4, 17, 19, 9, 19, 7, 10, 13, 18, 14],
[5, 22, 0, 7, 22, 10, 18, 9, 22, 14, 22, 19, 18, 20, 8, 21, 16, 10, 16, 9],
[7, 16, 7, 0, 16, 10, 11, 13, 15, 12, 15, 13, 13, 13, 5, 14, 9, 8, 11, 2],
[20, 3, 22, 16, 0, 17, 9, 29, 15, 15, 2, 15, 17, 7, 19, 5, 9, 15, 17, 14],
[5, 15, 10, 10, 17, 0, 17, 19, 23, 4, 17, 21, 22, 18, 15, 18, 15, 2, 20, 11],
[17, 11, 18, 11, 9, 17, 0, 23, 7, 18, 7, 6, 8, 3, 12, 4, 2, 15, 8, 9],
[14, 29, 9, 13, 29, 19, 23, 0, 24, 22, 28, 21, 20, 25, 11, 26, 21, 19, 18, 15],
[22, 17, 22, 15, 15, 23, 7, 24, 0, 24, 13, 3, 4, 8, 14, 10, 9, 21, 6, 13],
[9, 13, 14, 12, 15, 4, 18, 22, 24, 0, 16, 22, 23, 18, 17, 17, 16, 4, 21, 13],
[19, 4, 22, 15, 2, 17, 7, 28, 13, 16, 0, 13, 15, 5, 18, 3, 7, 15, 15, 13],
[20, 17, 19, 13, 15, 21, 6, 21, 3, 22, 13, 0, 2, 8, 11, 10, 7, 19, 3, 11],
[20, 19, 18, 13, 17, 22, 8, 20, 4, 23, 15, 2, 0, 10, 10, 12, 9, 20, 2, 11],
[19, 9, 20, 13, 7, 18, 3, 25, 8, 18, 5, 8, 10, 0, 15, 2, 4, 16, 10, 11],
[11, 19, 8, 5, 19, 15, 12, 11, 14, 17, 18, 11, 10, 15, 0, 16, 11, 13, 8, 5],
[19, 7, 21, 14, 5, 18, 4, 26, 10, 17, 3, 10, 12, 2, 16, 0, 5, 16, 12, 12],
[15, 10, 16, 9, 9, 15, 2, 21, 9, 16, 7, 7, 9, 4, 11, 5, 0, 13, 8, 7],
[6, 13, 10, 8, 15, 2, 15, 19, 21, 4, 15, 19, 20, 16, 13, 16, 13, 0, 18, 9],
[18, 18, 16, 11, 17, 20, 8, 18, 6, 21, 15, 3, 2, 10, 8, 12, 8, 18, 0, 9],
[9, 14, 9, 2, 14, 11, 9, 15, 13, 13, 13, 11, 11, 11, 5, 12, 7, 9, 9, 0]
   ],
//setup on machine: MAQ 4
[   [0, 17, 19, 19, 23, 22, 16, 12, 18, 24, 11, 2, 3, 12, 22, 14, 18, 3, 6, 13],
[17, 0, 2, 13, 6, 11, 12, 12, 7, 8, 13, 19, 20, 8, 7, 16, 8, 15, 16, 9],
[19, 2, 0, 14, 4, 12, 13, 13, 6, 7, 15, 21, 22, 10, 7, 18, 7, 17, 17, 10],
[19, 13, 14, 0, 17, 5, 3, 22, 19, 12, 8, 20, 20, 8, 9, 7, 20, 18, 21, 19],
[23, 6, 4, 17, 0, 13, 17, 16, 8, 7, 19, 25, 26, 14, 8, 21, 9, 21, 21, 13],
[22, 11, 12, 5, 13, 0, 7, 22, 17, 8, 12, 23, 24, 10, 5, 12, 18, 21, 23, 19],
[16, 12, 13, 3, 17, 7, 0, 19, 18, 13, 5, 17, 17, 5, 10, 5, 18, 15, 18, 17],
[12, 12, 13, 22, 16, 22, 19, 0, 8, 20, 17, 14, 15, 14, 19, 21, 8, 9, 7, 3],
[18, 7, 6, 19, 8, 17, 18, 8, 0, 13, 18, 20, 21, 13, 13, 21, 1, 15, 14, 6],
[24, 8, 7, 12, 7, 8, 13, 20, 13, 0, 17, 26, 26, 13, 3, 18, 14, 22, 23, 17],
[11, 13, 15, 8, 19, 12, 5, 17, 18, 17, 0, 12, 12, 5, 14, 4, 18, 11, 14, 16],
[2, 19, 21, 20, 25, 23, 17, 14, 20, 26, 12, 0, 1, 13, 23, 14, 20, 5, 8, 15],
[3, 20, 22, 20, 26, 24, 17, 15, 21, 26, 12, 1, 0, 14, 24, 14, 21, 6, 9, 16],
[12, 8, 10, 8, 14, 10, 5, 14, 13, 13, 5, 13, 14, 0, 10, 8, 14, 11, 13, 12],
[22, 7, 7, 9, 8, 5, 10, 19, 13, 3, 14, 23, 24, 10, 0, 15, 14, 20, 21, 16],
[14, 16, 18, 7, 21, 12, 5, 21, 21, 18, 4, 14, 14, 8, 15, 0, 22, 14, 18, 19],
[18, 8, 7, 20, 9, 18, 18, 8, 1, 14, 18, 20, 21, 14, 14, 22, 0, 15, 14, 5],
[3, 15, 17, 18, 21, 21, 15, 9, 15, 22, 11, 5, 6, 11, 20, 14, 15, 0, 4, 10],
[6, 16, 17, 21, 21, 23, 18, 7, 14, 23, 14, 8, 9, 13, 21, 18, 14, 4, 0, 9],
[13, 9, 10, 19, 13, 19, 17, 3, 6, 17, 16, 15, 16, 12, 16, 19, 5, 10, 9, 0]
   ],
//setup on machine: MAQ 5
[   [0, 9, 16, 4, 20, 9, 3, 13, 17, 7, 16, 9, 13, 14, 10, 20, 7, 16, 18, 25],
[9, 0, 11, 8, 12, 6, 11, 4, 9, 13, 7, 10, 5, 9, 4, 16, 9, 15, 11, 16],
[16, 11, 0, 17, 8, 17, 19, 8, 5, 15, 8, 21, 15, 2, 7, 5, 19, 8, 4, 15],
[4, 8, 17, 0, 19, 5, 4, 12, 16, 11, 14, 5, 9, 15, 10, 21, 3, 18, 18, 23],
[20, 12, 8, 19, 0, 17, 22, 8, 4, 21, 5, 21, 13, 9, 11, 11, 21, 16, 4, 7],
[9, 6, 17, 5, 17, 0, 9, 10, 15, 16, 12, 4, 5, 15, 10, 22, 4, 21, 17, 19],
[3, 11, 19, 4, 22, 9, 0, 15, 19, 10, 17, 7, 13, 17, 12, 23, 5, 19, 21, 26],
[13, 4, 8, 12, 8, 10, 15, 0, 5, 15, 3, 14, 7, 6, 4, 13, 13, 14, 7, 12],
[17, 9, 5, 16, 4, 15, 19, 5, 0, 18, 4, 19, 12, 5, 7, 9, 18, 13, 2, 10],
[7, 13, 15, 11, 21, 16, 10, 15, 18, 0, 18, 16, 18, 13, 11, 17, 14, 11, 18, 27],
[16, 7, 8, 14, 5, 12, 17, 3, 4, 18, 0, 16, 8, 7, 7, 13, 16, 15, 6, 9],
[9, 10, 21, 5, 21, 4, 7, 14, 19, 16, 16, 0, 9, 19, 14, 25, 2, 23, 21, 23],
[13, 5, 15, 9, 13, 5, 13, 7, 12, 18, 8, 9, 0, 13, 9, 20, 9, 20, 14, 14],
[14, 9, 2, 15, 9, 15, 17, 6, 5, 13, 7, 19, 13, 0, 5, 7, 17, 8, 5, 15],
[10, 4, 7, 10, 11, 10, 12, 4, 7, 11, 7, 14, 9, 5, 0, 12, 12, 11, 9, 16],
[20, 16, 5, 21, 11, 22, 23, 13, 9, 17, 13, 25, 20, 7, 12, 0, 24, 7, 8, 18],
[7, 9, 19, 3, 21, 4, 5, 13, 18, 14, 16, 2, 9, 17, 12, 24, 0, 21, 20, 23],
[16, 15, 8, 18, 16, 21, 19, 14, 13, 11, 15, 23, 20, 8, 11, 7, 21, 0, 12, 23],
[18, 11, 4, 18, 4, 17, 21, 7, 2, 18, 6, 21, 14, 5, 9, 8, 20, 12, 0, 11],
[25, 16, 15, 23, 7, 19, 26, 12, 10, 27, 9, 23, 14, 15, 16, 18, 23, 23, 11, 0]
   ],
//setup on machine: MAQ 6
[   [0, 22, 11, 19, 2, 12, 12, 14, 11, 13, 5, 11, 14, 10, 7, 15, 17, 14, 16, 15],
[22, 0, 11, 17, 24, 15, 13, 12, 26, 16, 23, 15, 14, 16, 26, 12, 6, 21, 8, 14],
[11, 11, 0, 14, 13, 9, 6, 7, 16, 9, 12, 7, 8, 8, 15, 8, 6, 14, 6, 9],
[19, 17, 14, 0, 21, 23, 20, 7, 15, 6, 16, 9, 6, 22, 18, 22, 12, 28, 10, 5],
[2, 24, 13, 21, 0, 13, 13, 16, 11, 15, 6, 13, 16, 11, 7, 16, 19, 14, 18, 17],
[12, 15, 9, 23, 13, 0, 3, 16, 22, 18, 16, 15, 17, 2, 19, 4, 13, 6, 14, 18],
[12, 13, 6, 20, 13, 3, 0, 13, 20, 15, 15, 12, 14, 3, 18, 3, 10, 9, 11, 15],
[14, 12, 7, 7, 16, 16, 13, 0, 14, 4, 13, 4, 2, 15, 16, 15, 6, 21, 4, 2],
[11, 26, 16, 15, 11, 22, 20, 14, 0, 11, 6, 11, 13, 20, 4, 23, 20, 25, 18, 13],
[13, 16, 9, 6, 15, 18, 15, 4, 11, 0, 10, 3, 2, 16, 13, 17, 10, 23, 8, 3],
[5, 23, 12, 16, 6, 16, 15, 13, 6, 10, 0, 9, 12, 14, 3, 18, 17, 19, 16, 13],
[11, 15, 7, 9, 13, 15, 12, 4, 11, 3, 9, 0, 3, 13, 12, 15, 9, 20, 7, 4],
[14, 14, 8, 6, 16, 17, 14, 2, 13, 2, 12, 3, 0, 16, 14, 16, 8, 22, 6, 1],
[10, 16, 8, 22, 11, 2, 3, 15, 20, 16, 14, 13, 16, 0, 17, 5, 13, 7, 13, 17],
[7, 26, 15, 18, 7, 19, 18, 16, 4, 13, 3, 12, 14, 17, 0, 21, 20, 21, 18, 15],
[15, 12, 8, 22, 16, 4, 3, 15, 23, 17, 18, 15, 16, 5, 21, 0, 11, 9, 12, 17],
[17, 6, 6, 12, 19, 13, 10, 6, 20, 10, 17, 9, 8, 13, 20, 11, 0, 19, 2, 8],
[14, 21, 14, 28, 14, 6, 9, 21, 25, 23, 19, 20, 22, 7, 21, 9, 19, 0, 20, 23],
[16, 8, 6, 10, 18, 14, 11, 4, 18, 8, 16, 7, 6, 13, 18, 12, 2, 20, 0, 6],
[15, 14, 9, 5, 17, 18, 15, 2, 13, 3, 13, 4, 1, 17, 15, 17, 8, 23, 6, 0]
   ],
//setup on machine: MAQ 7
[   [0, 13, 8, 11, 8, 17, 9, 16, 8, 5, 13, 14, 16, 13, 9, 3, 7, 14, 6, 16],
[13, 0, 16, 11, 19, 10, 13, 7, 8, 16, 2, 5, 6, 22, 18, 16, 17, 20, 18, 5],
[8, 16, 0, 19, 4, 15, 4, 21, 15, 3, 15, 19, 17, 20, 16, 6, 1, 22, 12, 21],
[11, 11, 19, 0, 19, 21, 18, 8, 4, 16, 13, 8, 17, 12, 9, 14, 18, 9, 12, 9],
[8, 19, 4, 19, 0, 19, 8, 23, 16, 4, 18, 21, 20, 18, 15, 5, 3, 21, 10, 23],
[17, 10, 15, 21, 19, 0, 11, 17, 17, 16, 8, 15, 5, 29, 25, 18, 16, 28, 23, 15],
[9, 13, 4, 18, 8, 11, 0, 19, 14, 6, 12, 17, 13, 22, 18, 8, 5, 23, 14, 18],
[16, 7, 21, 8, 23, 17, 19, 0, 8, 20, 9, 2, 12, 20, 17, 19, 21, 17, 19, 2],
[8, 8, 15, 4, 16, 17, 14, 8, 0, 13, 9, 6, 13, 14, 10, 11, 15, 12, 11, 8],
[5, 16, 3, 16, 4, 16, 6, 20, 13, 0, 15, 18, 17, 17, 13, 3, 2, 19, 9, 19],
[13, 2, 15, 13, 18, 8, 12, 9, 9, 15, 0, 7, 4, 23, 19, 15, 16, 21, 18, 7],
[14, 5, 19, 8, 21, 15, 17, 2, 6, 18, 7, 0, 11, 19, 16, 17, 19, 17, 17, 2],
[16, 6, 17, 17, 20, 5, 13, 12, 13, 17, 4, 11, 0, 27, 23, 18, 17, 25, 22, 10],
[13, 22, 20, 12, 18, 29, 22, 20, 14, 17, 23, 19, 27, 0, 4, 14, 19, 5, 8, 21],
[9, 18, 16, 9, 15, 25, 18, 17, 10, 13, 19, 16, 23, 4, 0, 10, 15, 6, 5, 18],
[3, 16, 6, 14, 5, 18, 8, 19, 11, 3, 15, 17, 18, 14, 10, 0, 5, 16, 6, 18],
[7, 17, 1, 18, 3, 16, 5, 21, 15, 2, 16, 19, 17, 19, 15, 5, 0, 21, 11, 21],
[14, 20, 22, 9, 21, 28, 23, 17, 12, 19, 21, 17, 25, 5, 6, 16, 21, 0, 11, 18],
[6, 18, 12, 12, 10, 23, 14, 19, 11, 9, 18, 17, 22, 8, 5, 6, 11, 11, 0, 19],
[16, 5, 21, 9, 23, 15, 18, 2, 8, 19, 7, 2, 10, 21, 18, 18, 21, 18, 19, 0]
   ],
//setup on machine: MAQ 8
[   [0, 10, 19, 17, 8, 14, 21, 11, 20, 4, 11, 7, 10, 7, 2, 16, 7, 4, 17, 6],
[10, 0, 20, 25, 18, 6, 23, 16, 24, 7, 4, 14, 6, 17, 8, 17, 17, 10, 26, 15],
[19, 20, 0, 15, 22, 16, 4, 9, 6, 16, 17, 25, 14, 24, 18, 3, 22, 15, 22, 24],
[17, 25, 15, 0, 14, 25, 13, 9, 11, 18, 24, 21, 21, 17, 18, 14, 15, 15, 7, 18],
[8, 18, 22, 14, 0, 21, 22, 13, 21, 12, 19, 8, 17, 3, 10, 19, 1, 9, 11, 5],
[14, 6, 16, 25, 21, 0, 20, 16, 21, 10, 3, 19, 4, 21, 12, 14, 21, 12, 28, 20],
[21, 23, 4, 13, 22, 20, 0, 10, 2, 19, 20, 27, 17, 25, 20, 6, 23, 17, 20, 25],
[11, 16, 9, 9, 13, 16, 10, 0, 9, 10, 15, 17, 12, 15, 11, 7, 13, 8, 14, 15],
[20, 24, 6, 11, 21, 21, 2, 9, 0, 19, 21, 26, 18, 24, 20, 7, 22, 17, 18, 24],
[4, 7, 16, 18, 12, 10, 19, 10, 19, 0, 7, 10, 6, 11, 2, 13, 11, 3, 20, 10],
[11, 4, 17, 24, 19, 3, 20, 15, 21, 7, 0, 16, 3, 18, 9, 14, 18, 10, 26, 17],
[7, 14, 25, 21, 8, 19, 27, 17, 26, 10, 16, 0, 16, 5, 8, 22, 7, 10, 19, 3],
[10, 6, 14, 21, 17, 4, 17, 12, 18, 6, 3, 16, 0, 17, 8, 11, 17, 8, 24, 16],
[7, 17, 24, 17, 3, 21, 25, 15, 24, 11, 18, 5, 17, 0, 9, 21, 2, 10, 14, 2],
[2, 8, 18, 18, 10, 12, 20, 11, 20, 2, 9, 8, 8, 9, 0, 15, 9, 3, 19, 8],
[16, 17, 3, 14, 19, 14, 6, 7, 7, 13, 14, 22, 11, 21, 15, 0, 20, 12, 20, 21],
[7, 17, 22, 15, 1, 21, 23, 13, 22, 11, 18, 7, 17, 2, 9, 20, 0, 9, 12, 4],
[4, 10, 15, 15, 9, 12, 17, 8, 17, 3, 10, 10, 8, 10, 3, 12, 9, 0, 17, 9],
[17, 26, 22, 7, 11, 28, 20, 14, 18, 20, 26, 19, 24, 14, 19, 20, 12, 17, 0, 16],
[6, 15, 24, 18, 5, 20, 25, 15, 24, 10, 17, 3, 16, 2, 8, 21, 4, 9, 16, 0]
   ],
//setup on machine: MAQ 9
[   [0, 10, 8, 7, 17, 7, 9, 11, 8, 18, 11, 8, 12, 13, 12, 6, 11, 11, 4, 11],
[10, 0, 17, 17, 25, 12, 6, 5, 5, 26, 17, 8, 17, 21, 19, 15, 18, 9, 8, 20],
[8, 17, 0, 3, 17, 8, 17, 19, 14, 10, 8, 12, 17, 5, 14, 3, 14, 18, 10, 9],
[7, 17, 3, 0, 14, 9, 15, 18, 14, 13, 11, 13, 14, 8, 11, 4, 11, 17, 10, 6],
[17, 25, 17, 14, 0, 22, 20, 23, 25, 24, 25, 25, 10, 21, 6, 18, 7, 19, 21, 8],
[7, 12, 8, 9, 22, 0, 14, 16, 8, 14, 5, 5, 19, 9, 18, 5, 18, 17, 5, 15],
[9, 6, 17, 15, 20, 14, 0, 3, 9, 26, 19, 11, 11, 21, 14, 14, 13, 3, 9, 17],
[11, 5, 19, 18, 23, 16, 3, 0, 9, 29, 21, 12, 14, 24, 17, 17, 16, 4, 11, 20],
[8, 5, 14, 14, 25, 8, 9, 9, 0, 22, 12, 3, 18, 17, 19, 11, 18, 12, 4, 19],
[18, 26, 10, 13, 24, 14, 26, 29, 22, 0, 10, 19, 26, 5, 23, 12, 23, 28, 18, 16],
[11, 17, 8, 11, 25, 5, 19, 21, 12, 10, 0, 9, 23, 6, 21, 7, 21, 21, 10, 17],
[8, 8, 12, 13, 25, 5, 11, 12, 3, 19, 9, 0, 19, 14, 19, 9, 19, 14, 4, 18],
[12, 17, 17, 14, 10, 19, 11, 14, 18, 26, 23, 19, 0, 22, 4, 16, 4, 10, 16, 11],
[13, 21, 5, 8, 21, 9, 21, 24, 17, 5, 6, 14, 22, 0, 19, 7, 19, 23, 13, 13],
[12, 19, 14, 11, 6, 18, 14, 17, 19, 23, 21, 19, 4, 19, 0, 14, 1, 13, 16, 7],
[6, 15, 3, 4, 18, 5, 14, 17, 11, 12, 7, 9, 16, 7, 14, 0, 14, 16, 7, 10],
[11, 18, 14, 11, 7, 18, 13, 16, 18, 23, 21, 19, 4, 19, 1, 14, 0, 12, 15, 8],
[11, 9, 18, 17, 19, 17, 3, 4, 12, 28, 21, 14, 10, 23, 13, 16, 12, 0, 12, 17],
[4, 8, 10, 10, 21, 5, 9, 11, 4, 18, 10, 4, 16, 13, 16, 7, 15, 12, 0, 15],
[11, 20, 9, 6, 8, 15, 17, 20, 19, 16, 17, 18, 11, 13, 7, 10, 8, 17, 15, 0]
   ],
//setup on machine: MAQ 10
[   [0, 23, 6, 24, 9, 4, 24, 3, 11, 12, 10, 14, 17, 6, 6, 17, 12, 13, 16, 18],
[23, 0, 19, 17, 14, 22, 20, 26, 16, 15, 25, 20, 15, 25, 22, 7, 26, 19, 9, 25],
[6, 19, 0, 25, 8, 3, 26, 9, 5, 6, 15, 17, 18, 12, 10, 12, 17, 15, 11, 21],
[24, 17, 25, 0, 17, 25, 3, 24, 25, 24, 19, 11, 7, 21, 19, 18, 18, 12, 21, 13],
[9, 14, 8, 17, 0, 9, 18, 12, 8, 8, 13, 11, 11, 11, 9, 8, 15, 9, 9, 16],
[4, 22, 3, 25, 9, 0, 26, 7, 8, 8, 14, 17, 19, 10, 9, 15, 16, 15, 14, 21],
[24, 20, 26, 3, 18, 26, 0, 24, 26, 26, 18, 10, 8, 20, 19, 21, 17, 12, 23, 10],
[3, 26, 9, 24, 12, 7, 24, 0, 14, 15, 8, 14, 18, 4, 5, 19, 10, 12, 19, 16],
[11, 16, 5, 25, 8, 8, 26, 14, 0, 1, 19, 19, 18, 16, 14, 9, 21, 17, 7, 24],
[12, 15, 6, 24, 8, 8, 26, 15, 1, 0, 19, 19, 18, 16, 14, 8, 21, 17, 6, 24],
[10, 25, 15, 19, 13, 14, 18, 8, 19, 19, 0, 8, 14, 4, 5, 21, 2, 8, 22, 9],
[14, 20, 17, 11, 11, 17, 10, 14, 19, 19, 8, 0, 6, 10, 9, 17, 8, 2, 19, 5],
[17, 15, 18, 7, 11, 19, 8, 18, 18, 18, 14, 6, 0, 15, 13, 13, 14, 6, 16, 10],
[6, 25, 12, 21, 11, 10, 20, 4, 16, 16, 4, 10, 15, 0, 3, 19, 6, 9, 20, 12],
[6, 22, 10, 19, 9, 9, 19, 5, 14, 14, 5, 9, 13, 3, 0, 16, 7, 7, 17, 12],
[17, 7, 12, 18, 8, 15, 21, 19, 9, 8, 21, 17, 13, 19, 16, 0, 22, 15, 3, 22],
[12, 26, 17, 18, 15, 16, 17, 10, 21, 21, 2, 8, 14, 6, 7, 22, 0, 8, 23, 7],
[13, 19, 15, 12, 9, 15, 12, 12, 17, 17, 8, 2, 6, 9, 7, 15, 8, 0, 17, 7],
[16, 9, 11, 21, 9, 14, 23, 19, 7, 6, 22, 19, 16, 20, 17, 3, 23, 17, 0, 24],
[18, 25, 21, 13, 16, 21, 10, 16, 24, 24, 9, 5, 10, 12, 12, 22, 7, 7, 24, 0]
   ],
//setup on machine: MAQ 11
[   [0, 11, 8, 7, 12, 11, 5, 5, 18, 13, 13, 16, 10, 8, 10, 4, 7, 7, 9, 2],
[11, 0, 11, 18, 9, 1, 9, 16, 16, 13, 16, 24, 19, 18, 4, 13, 12, 17, 20, 10],
[8, 11, 0, 12, 17, 11, 3, 9, 24, 19, 20, 24, 17, 9, 13, 5, 2, 13, 13, 9],
[7, 18, 12, 0, 17, 18, 11, 3, 23, 18, 15, 14, 7, 5, 16, 7, 11, 3, 4, 8],
[12, 9, 17, 17, 0, 9, 14, 17, 7, 4, 8, 17, 15, 20, 5, 16, 17, 15, 21, 10],
[11, 1, 11, 18, 9, 0, 9, 16, 15, 12, 16, 23, 19, 18, 4, 13, 13, 17, 20, 10],
[5, 9, 3, 11, 14, 9, 0, 8, 21, 16, 17, 21, 15, 9, 10, 4, 4, 11, 12, 6],
[5, 16, 9, 3, 17, 16, 8, 0, 23, 18, 16, 16, 9, 3, 15, 4, 8, 5, 4, 7],
[18, 16, 24, 23, 7, 15, 21, 23, 0, 5, 9, 17, 18, 26, 12, 22, 24, 20, 26, 16],
[13, 13, 19, 18, 4, 12, 16, 18, 5, 0, 5, 14, 14, 21, 9, 17, 20, 15, 21, 11],
[13, 16, 20, 15, 8, 16, 17, 16, 9, 5, 0, 9, 10, 19, 12, 17, 20, 12, 19, 11],
[16, 24, 24, 14, 17, 23, 21, 16, 17, 14, 9, 0, 7, 19, 20, 19, 23, 11, 17, 15],
[10, 19, 17, 7, 15, 19, 15, 9, 18, 14, 10, 7, 0, 12, 16, 13, 16, 4, 10, 9],
[8, 18, 9, 5, 20, 18, 9, 3, 26, 21, 19, 19, 12, 0, 17, 5, 7, 8, 4, 10],
[10, 4, 13, 16, 5, 4, 10, 15, 12, 9, 12, 20, 16, 17, 0, 13, 14, 15, 19, 8],
[4, 13, 5, 7, 16, 13, 4, 4, 22, 17, 17, 19, 13, 5, 13, 0, 4, 9, 8, 6],
[7, 12, 2, 11, 17, 13, 4, 8, 24, 20, 20, 23, 16, 7, 14, 4, 0, 12, 11, 9],
[7, 17, 13, 3, 15, 17, 11, 5, 20, 15, 12, 11, 4, 8, 15, 9, 12, 0, 7, 7],
[9, 20, 13, 4, 21, 20, 12, 4, 26, 21, 19, 17, 10, 4, 19, 8, 11, 7, 0, 11],
[2, 10, 9, 8, 10, 10, 6, 7, 16, 11, 11, 15, 9, 10, 8, 6, 9, 7, 11, 0]
   ],
//setup on machine: MAQ 12
[   [0, 9, 20, 11, 21, 8, 23, 19, 16, 5, 15, 21, 20, 4, 11, 13, 14, 12, 19, 22],
[9, 0, 15, 14, 23, 6, 27, 15, 20, 5, 22, 19, 19, 8, 9, 17, 16, 7, 25, 23],
[20, 15, 0, 14, 16, 21, 23, 2, 18, 15, 26, 8, 9, 16, 9, 17, 12, 8, 24, 16],
[11, 14, 14, 0, 10, 17, 14, 13, 6, 9, 12, 12, 10, 7, 7, 3, 4, 10, 11, 11],
[21, 23, 16, 10, 0, 27, 7, 14, 6, 19, 16, 9, 7, 17, 14, 8, 7, 17, 10, 1],
[8, 6, 21, 17, 27, 0, 30, 21, 23, 8, 22, 25, 24, 10, 15, 20, 20, 13, 27, 27],
[23, 27, 23, 14, 7, 30, 0, 21, 8, 23, 14, 16, 14, 21, 19, 11, 13, 22, 6, 7],
[19, 15, 2, 13, 14, 21, 21, 0, 16, 14, 24, 6, 7, 15, 8, 15, 10, 8, 22, 14],
[16, 20, 18, 6, 6, 23, 8, 16, 0, 15, 10, 13, 11, 13, 12, 3, 6, 15, 6, 7],
[5, 5, 15, 9, 19, 8, 23, 14, 15, 0, 17, 17, 16, 3, 7, 12, 12, 7, 20, 19],
[15, 22, 26, 12, 16, 22, 14, 24, 10, 17, 0, 23, 21, 14, 18, 10, 15, 21, 8, 17],
[21, 19, 8, 12, 9, 25, 16, 6, 13, 17, 23, 0, 2, 17, 10, 13, 8, 12, 18, 9],
[20, 19, 9, 10, 7, 24, 14, 7, 11, 16, 21, 2, 0, 16, 10, 11, 6, 12, 16, 7],
[4, 8, 16, 7, 17, 10, 21, 15, 13, 3, 14, 17, 16, 0, 8, 10, 10, 8, 17, 18],
[11, 9, 9, 7, 14, 15, 19, 8, 12, 7, 18, 10, 10, 8, 0, 10, 7, 3, 18, 14],
[13, 17, 17, 3, 8, 20, 11, 15, 3, 12, 10, 13, 11, 10, 10, 0, 5, 13, 8, 9],
[14, 16, 12, 4, 7, 20, 13, 10, 6, 12, 15, 8, 6, 10, 7, 5, 0, 10, 12, 8],
[12, 7, 8, 10, 17, 13, 22, 8, 15, 7, 21, 12, 12, 8, 3, 13, 10, 0, 21, 17],
[19, 25, 24, 11, 10, 27, 6, 22, 6, 20, 8, 18, 16, 17, 18, 8, 12, 21, 0, 11],
[22, 23, 16, 11, 1, 27, 7, 14, 7, 19, 17, 9, 7, 18, 14, 9, 8, 17, 11, 0]
   ],
//setup on machine: MAQ 13
[   [0, 9, 1, 15, 22, 16, 21, 17, 6, 10, 17, 3, 7, 19, 21, 23, 9, 20, 6, 2],
[9, 0, 9, 20, 19, 13, 24, 17, 13, 3, 12, 8, 6, 17, 18, 21, 14, 23, 6, 7],
[1, 9, 0, 16, 22, 17, 22, 18, 7, 9, 17, 2, 6, 20, 22, 24, 10, 21, 6, 2],
[15, 20, 16, 0, 17, 15, 9, 10, 9, 18, 18, 18, 21, 15, 17, 16, 6, 7, 14, 15],
[22, 19, 22, 17, 0, 6, 13, 8, 20, 16, 8, 23, 24, 3, 1, 3, 17, 14, 17, 21],
[16, 13, 17, 15, 6, 0, 13, 6, 15, 11, 4, 17, 19, 4, 5, 8, 13, 14, 11, 15],
[21, 24, 22, 9, 13, 13, 0, 7, 16, 21, 17, 24, 27, 11, 12, 11, 13, 2, 18, 21],
[17, 17, 18, 10, 8, 6, 7, 0, 14, 15, 10, 19, 21, 5, 7, 7, 10, 8, 13, 16],
[6, 13, 7, 9, 20, 15, 16, 14, 0, 13, 17, 9, 13, 17, 19, 20, 4, 15, 8, 7],
[10, 3, 9, 18, 16, 11, 21, 15, 13, 0, 9, 9, 9, 14, 16, 18, 13, 21, 5, 8],
[17, 12, 17, 18, 8, 4, 17, 10, 17, 9, 0, 17, 17, 7, 8, 11, 15, 18, 11, 15],
[3, 8, 2, 18, 23, 17, 24, 19, 9, 9, 17, 0, 4, 21, 22, 25, 12, 23, 7, 3],
[7, 6, 6, 21, 24, 19, 27, 21, 13, 9, 17, 4, 0, 22, 24, 26, 15, 26, 9, 6],
[19, 17, 20, 15, 3, 4, 11, 5, 17, 14, 7, 21, 22, 0, 2, 4, 14, 12, 14, 18],
[21, 18, 22, 17, 1, 5, 12, 7, 19, 16, 8, 22, 24, 2, 0, 3, 16, 13, 16, 20],
[23, 21, 24, 16, 3, 8, 11, 7, 20, 18, 11, 25, 26, 4, 3, 0, 17, 12, 18, 22],
[9, 14, 10, 6, 17, 13, 13, 10, 4, 13, 15, 12, 15, 14, 16, 17, 0, 11, 8, 9],
[20, 23, 21, 7, 14, 14, 2, 8, 15, 21, 18, 23, 26, 12, 13, 12, 11, 0, 18, 20],
[6, 6, 6, 14, 17, 11, 18, 13, 8, 5, 11, 7, 9, 14, 16, 18, 8, 18, 0, 4],
[2, 7, 2, 15, 21, 15, 21, 16, 7, 8, 15, 3, 6, 18, 20, 22, 9, 20, 4, 0]
   ],
//setup on machine: MAQ 14
[   [0, 8, 18, 26, 7, 13, 21, 27, 22, 20, 23, 8, 17, 14, 5, 8, 13, 19, 7, 13],
[8, 0, 17, 27, 3, 21, 16, 28, 24, 24, 23, 5, 13, 20, 7, 9, 11, 23, 9, 20],
[18, 17, 0, 11, 20, 21, 9, 13, 9, 13, 6, 13, 7, 16, 13, 10, 6, 14, 11, 19],
[26, 27, 11, 0, 29, 23, 19, 2, 4, 9, 5, 22, 18, 16, 21, 18, 16, 11, 19, 20],
[7, 3, 20, 29, 0, 20, 19, 30, 25, 25, 26, 7, 16, 21, 8, 11, 14, 24, 10, 20],
[13, 21, 21, 23, 20, 0, 28, 23, 19, 14, 24, 18, 25, 7, 14, 15, 19, 12, 14, 3],
[21, 16, 9, 19, 19, 28, 0, 21, 18, 22, 14, 13, 4, 24, 16, 14, 9, 23, 15, 26],
[27, 28, 13, 2, 30, 23, 21, 0, 5, 9, 7, 23, 20, 16, 23, 20, 17, 11, 21, 20],
[22, 24, 9, 4, 25, 19, 18, 5, 0, 6, 6, 19, 16, 12, 18, 15, 13, 8, 16, 16],
[20, 24, 13, 9, 25, 14, 22, 9, 6, 0, 11, 19, 19, 7, 17, 15, 15, 2, 15, 11],
[23, 23, 6, 5, 26, 24, 14, 7, 6, 11, 0, 19, 13, 17, 19, 16, 12, 13, 17, 21],
[8, 5, 13, 22, 7, 18, 13, 23, 19, 19, 19, 0, 10, 16, 4, 4, 7, 18, 4, 17],
[17, 13, 7, 18, 16, 25, 4, 20, 16, 19, 13, 10, 0, 20, 13, 10, 6, 20, 11, 23],
[14, 20, 16, 16, 21, 7, 24, 16, 12, 7, 17, 16, 20, 0, 13, 12, 15, 5, 12, 4],
[5, 7, 13, 21, 8, 14, 16, 23, 18, 17, 19, 4, 13, 13, 0, 3, 8, 16, 2, 13],
[8, 9, 10, 18, 11, 15, 14, 20, 15, 15, 16, 4, 10, 12, 3, 0, 5, 14, 1, 13],
[13, 11, 6, 16, 14, 19, 9, 17, 13, 15, 12, 7, 6, 15, 8, 5, 0, 15, 6, 17],
[19, 23, 14, 11, 24, 12, 23, 11, 8, 2, 13, 18, 20, 5, 16, 14, 15, 0, 15, 9],
[7, 9, 11, 19, 10, 14, 15, 21, 16, 15, 17, 4, 11, 12, 2, 1, 6, 15, 0, 13],
[13, 20, 19, 20, 20, 3, 26, 20, 16, 11, 21, 17, 23, 4, 13, 13, 17, 9, 13, 0]
   ],
//setup on machine: MAQ 15
[   [0, 25, 5, 21, 15, 23, 11, 16, 8, 12, 10, 4, 9, 8, 7, 13, 16, 19, 23, 19],
[25, 0, 21, 6, 19, 2, 14, 22, 18, 22, 17, 27, 20, 20, 23, 13, 17, 11, 5, 6],
[5, 21, 0, 18, 10, 19, 8, 11, 8, 14, 5, 9, 11, 3, 4, 10, 11, 18, 18, 15],
[21, 6, 18, 0, 19, 5, 10, 22, 14, 16, 15, 22, 15, 18, 21, 9, 17, 5, 9, 6],
[15, 19, 10, 19, 0, 17, 12, 3, 16, 22, 7, 19, 19, 7, 9, 13, 2, 21, 14, 13],
[23, 2, 19, 5, 17, 0, 12, 20, 16, 20, 15, 25, 18, 18, 21, 11, 15, 10, 4, 4],
[11, 14, 8, 10, 12, 12, 0, 15, 5, 11, 6, 13, 8, 8, 11, 2, 12, 10, 13, 9],
[16, 22, 11, 22, 3, 20, 15, 0, 18, 25, 9, 20, 21, 9, 9, 16, 5, 24, 17, 16],
[8, 18, 8, 14, 16, 16, 5, 18, 0, 7, 9, 9, 3, 10, 12, 6, 16, 11, 17, 13],
[12, 22, 14, 16, 22, 20, 11, 25, 7, 0, 16, 10, 4, 16, 18, 11, 22, 12, 22, 18],
[10, 17, 5, 15, 7, 15, 6, 9, 9, 16, 0, 13, 12, 3, 6, 8, 7, 16, 14, 11],
[4, 27, 9, 22, 19, 25, 13, 20, 9, 10, 13, 0, 8, 12, 11, 14, 20, 20, 25, 21],
[9, 20, 11, 15, 19, 18, 8, 21, 3, 4, 12, 8, 0, 13, 14, 8, 19, 12, 20, 16],
[8, 20, 3, 18, 7, 18, 8, 9, 10, 16, 3, 12, 13, 0, 3, 10, 8, 18, 17, 14],
[7, 23, 4, 21, 9, 21, 11, 9, 12, 18, 6, 11, 14, 3, 0, 13, 10, 21, 20, 17],
[13, 13, 10, 9, 13, 11, 2, 16, 6, 11, 8, 14, 8, 10, 13, 0, 13, 8, 12, 8],
[16, 17, 11, 17, 2, 15, 12, 5, 16, 22, 7, 20, 19, 8, 10, 13, 0, 20, 12, 11],
[19, 11, 18, 5, 21, 10, 10, 24, 11, 12, 16, 20, 12, 18, 21, 8, 20, 0, 14, 10],
[23, 5, 18, 9, 14, 4, 13, 17, 17, 22, 14, 25, 20, 17, 20, 12, 12, 14, 0, 4],
[19, 6, 15, 6, 13, 4, 9, 16, 13, 18, 11, 21, 16, 14, 17, 8, 11, 10, 4, 0]
   ],
//setup on machine: MAQ 16
[   [0, 17, 20, 5, 12, 12, 16, 20, 7, 6, 6, 14, 16, 2, 16, 23, 8, 18, 6, 5],
[17, 0, 17, 13, 6, 19, 24, 18, 18, 20, 23, 26, 2, 15, 15, 22, 11, 14, 16, 19],
[20, 17, 0, 18, 14, 10, 12, 1, 15, 25, 25, 16, 15, 19, 4, 5, 13, 3, 14, 17],
[5, 13, 18, 0, 8, 13, 18, 19, 9, 8, 10, 17, 11, 3, 15, 22, 6, 16, 7, 9],
[12, 6, 14, 8, 0, 14, 19, 15, 13, 16, 18, 20, 4, 10, 11, 19, 6, 11, 11, 14],
[12, 19, 10, 13, 14, 0, 5, 10, 6, 18, 17, 7, 17, 12, 7, 11, 9, 10, 7, 8],
[16, 24, 12, 18, 19, 5, 0, 12, 9, 21, 20, 5, 22, 16, 11, 11, 14, 14, 11, 11],
[20, 18, 1, 19, 15, 10, 12, 0, 15, 26, 26, 16, 16, 19, 4, 4, 13, 4, 15, 17],
[7, 18, 15, 9, 13, 6, 9, 15, 0, 12, 11, 8, 16, 7, 11, 17, 7, 14, 2, 2],
[6, 20, 25, 8, 16, 18, 21, 26, 12, 0, 4, 19, 19, 7, 22, 28, 13, 24, 11, 10],
[6, 23, 25, 10, 18, 17, 20, 26, 11, 4, 0, 17, 21, 8, 22, 28, 14, 24, 11, 9],
[14, 26, 16, 17, 20, 7, 5, 16, 8, 19, 17, 0, 24, 15, 14, 16, 15, 17, 10, 9],
[16, 2, 15, 11, 4, 17, 22, 16, 16, 19, 21, 24, 0, 14, 13, 20, 9, 12, 14, 17],
[2, 15, 19, 3, 10, 12, 16, 19, 7, 7, 8, 15, 14, 0, 15, 22, 6, 17, 5, 6],
[16, 15, 4, 15, 11, 7, 11, 4, 11, 22, 22, 14, 13, 15, 0, 8, 9, 3, 11, 13],
[23, 22, 5, 22, 19, 11, 11, 4, 17, 28, 28, 16, 20, 22, 8, 0, 17, 8, 17, 19],
[8, 11, 13, 6, 6, 9, 14, 13, 7, 13, 14, 15, 9, 6, 9, 17, 0, 11, 5, 8],
[18, 14, 3, 16, 11, 10, 14, 4, 14, 24, 24, 17, 12, 17, 3, 8, 11, 0, 13, 16],
[6, 16, 14, 7, 11, 7, 11, 15, 2, 11, 11, 10, 14, 5, 11, 17, 5, 13, 0, 3],
[5, 19, 17, 9, 14, 8, 11, 17, 2, 10, 9, 9, 17, 6, 13, 19, 8, 16, 3, 0]
   ],
//setup on machine: MAQ 17
[   [0, 21, 14, 17, 9, 20, 18, 14, 11, 20, 22, 12, 9, 3, 8, 1, 4, 13, 19, 17],
[21, 0, 9, 17, 16, 16, 16, 11, 12, 9, 2, 20, 13, 22, 18, 22, 25, 20, 8, 8],
[14, 9, 0, 19, 7, 19, 17, 2, 3, 14, 11, 18, 8, 16, 9, 15, 17, 19, 5, 3],
[17, 17, 19, 0, 21, 4, 2, 20, 18, 9, 17, 6, 13, 16, 20, 17, 20, 6, 22, 21],
[9, 16, 7, 21, 0, 22, 20, 6, 4, 19, 18, 18, 8, 12, 2, 10, 12, 19, 11, 9],
[20, 16, 19, 4, 22, 0, 2, 21, 19, 7, 15, 10, 14, 19, 22, 20, 23, 9, 21, 20],
[18, 16, 17, 2, 20, 2, 0, 19, 17, 7, 15, 8, 12, 17, 20, 18, 21, 7, 21, 19],
[14, 11, 2, 20, 6, 21, 19, 0, 3, 16, 13, 19, 9, 16, 8, 15, 17, 20, 5, 4],
[11, 12, 3, 18, 4, 19, 17, 3, 0, 15, 14, 16, 6, 13, 6, 12, 14, 17, 8, 6],
[20, 9, 14, 9, 19, 7, 7, 16, 15, 0, 8, 14, 12, 20, 20, 21, 23, 13, 16, 15],
[22, 2, 11, 17, 18, 15, 15, 13, 14, 8, 0, 20, 14, 23, 19, 23, 26, 20, 10, 10],
[12, 20, 18, 6, 18, 10, 8, 19, 16, 14, 20, 0, 11, 10, 17, 12, 14, 1, 22, 21],
[9, 13, 8, 13, 8, 14, 12, 9, 6, 12, 14, 11, 0, 9, 8, 9, 12, 11, 12, 10],
[3, 22, 16, 16, 12, 19, 17, 16, 13, 20, 23, 10, 9, 0, 10, 2, 4, 11, 21, 19],
[8, 18, 9, 20, 2, 22, 20, 8, 6, 20, 19, 17, 8, 10, 0, 9, 10, 18, 13, 11],
[1, 22, 15, 17, 10, 20, 18, 15, 12, 21, 23, 12, 9, 2, 9, 0, 3, 13, 20, 18],
[4, 25, 17, 20, 12, 23, 21, 17, 14, 23, 26, 14, 12, 4, 10, 3, 0, 15, 22, 20],
[13, 20, 19, 6, 19, 9, 7, 20, 17, 13, 20, 1, 11, 11, 18, 13, 15, 0, 23, 21],
[19, 8, 5, 22, 11, 21, 21, 5, 8, 16, 10, 22, 12, 21, 13, 20, 22, 23, 0, 2],
[17, 8, 3, 21, 9, 20, 19, 4, 6, 15, 10, 21, 10, 19, 11, 18, 20, 21, 2, 0]
   ],
//setup on machine: MAQ 18
[   [0, 20, 14, 14, 16, 19, 13, 16, 14, 11, 19, 4, 5, 10, 19, 21, 8, 15, 14, 4],
[20, 0, 26, 27, 6, 5, 8, 26, 9, 25, 9, 22, 21, 11, 19, 6, 21, 5, 10, 17],
[14, 26, 0, 1, 26, 28, 22, 3, 17, 3, 20, 10, 9, 21, 12, 24, 7, 23, 17, 16],
[14, 27, 1, 0, 26, 29, 23, 4, 18, 3, 21, 10, 9, 22, 13, 25, 7, 24, 17, 17],
[16, 6, 26, 26, 0, 3, 4, 26, 10, 23, 13, 19, 19, 6, 21, 12, 19, 3, 11, 13],
[19, 5, 28, 29, 3, 0, 7, 29, 12, 26, 14, 22, 22, 9, 23, 11, 22, 5, 13, 16],
[13, 8, 22, 23, 4, 7, 0, 23, 8, 20, 13, 15, 15, 3, 19, 12, 16, 3, 9, 9],
[16, 26, 3, 4, 26, 29, 23, 0, 17, 5, 19, 12, 11, 22, 10, 23, 8, 24, 16, 18],
[14, 9, 17, 18, 10, 12, 8, 17, 0, 16, 6, 14, 13, 10, 11, 8, 12, 7, 1, 12],
[11, 25, 3, 3, 23, 26, 20, 5, 16, 0, 19, 7, 6, 19, 13, 23, 4, 21, 15, 14],
[19, 9, 20, 21, 13, 14, 13, 19, 6, 19, 0, 19, 18, 15, 11, 4, 16, 10, 5, 17],
[4, 22, 10, 10, 19, 22, 15, 12, 14, 7, 19, 0, 1, 13, 16, 22, 5, 17, 14, 7],
[5, 21, 9, 9, 19, 22, 15, 11, 13, 6, 18, 1, 0, 13, 15, 21, 4, 17, 13, 8],
[10, 11, 21, 22, 6, 9, 3, 22, 10, 19, 15, 13, 13, 0, 20, 15, 15, 6, 11, 7],
[19, 19, 12, 13, 21, 23, 19, 10, 11, 13, 11, 16, 15, 20, 0, 15, 11, 18, 10, 19],
[21, 6, 24, 25, 12, 11, 12, 23, 8, 23, 4, 22, 21, 15, 15, 0, 19, 9, 8, 19],
[8, 21, 7, 7, 19, 22, 16, 8, 12, 4, 16, 5, 4, 15, 11, 19, 0, 17, 11, 10],
[15, 5, 23, 24, 3, 5, 3, 24, 7, 21, 10, 17, 17, 6, 18, 9, 17, 0, 8, 12],
[14, 10, 17, 17, 11, 13, 9, 16, 1, 15, 5, 14, 13, 11, 10, 8, 11, 8, 0, 12],
[4, 17, 16, 17, 13, 16, 9, 18, 12, 14, 17, 7, 8, 7, 19, 19, 10, 12, 12, 0]
   ],
//setup on machine: MAQ 19
[   [0, 12, 17, 27, 20, 23, 21, 21, 16, 25, 5, 4, 14, 29, 30, 18, 16, 13, 14, 21],
[12, 0, 10, 15, 12, 11, 10, 12, 5, 14, 9, 9, 8, 17, 19, 15, 13, 1, 10, 10],
[17, 10, 0, 14, 3, 15, 18, 4, 13, 9, 16, 13, 18, 15, 14, 6, 6, 10, 4, 6],
[27, 15, 14, 0, 13, 7, 13, 12, 13, 8, 23, 24, 19, 3, 6, 20, 20, 14, 17, 8],
[20, 12, 3, 13, 0, 15, 19, 1, 15, 6, 19, 16, 20, 13, 12, 7, 8, 13, 6, 5],
[23, 11, 15, 7, 15, 0, 6, 14, 7, 12, 19, 20, 13, 10, 13, 21, 21, 10, 17, 10],
[21, 10, 18, 13, 19, 6, 0, 18, 5, 17, 16, 19, 8, 16, 19, 24, 23, 9, 19, 14],
[21, 12, 4, 12, 1, 14, 18, 0, 15, 5, 19, 17, 20, 12, 11, 8, 9, 12, 7, 4],
[16, 5, 13, 13, 15, 7, 5, 15, 0, 15, 12, 14, 6, 16, 18, 19, 18, 4, 14, 11],
[25, 14, 9, 8, 6, 12, 17, 5, 15, 0, 22, 21, 21, 7, 6, 13, 14, 14, 12, 4],
[5, 9, 16, 23, 19, 19, 16, 19, 12, 22, 0, 6, 9, 26, 27, 19, 17, 9, 14, 18],
[4, 9, 13, 24, 16, 20, 19, 17, 14, 21, 6, 0, 14, 25, 26, 14, 12, 10, 10, 17],
[14, 8, 18, 19, 20, 13, 8, 20, 6, 21, 9, 14, 0, 22, 24, 23, 21, 8, 18, 17],
[29, 17, 15, 3, 13, 10, 16, 12, 16, 7, 26, 25, 22, 0, 4, 20, 21, 17, 18, 9],
[30, 19, 14, 6, 12, 13, 19, 11, 18, 6, 27, 26, 24, 4, 0, 19, 20, 18, 18, 9],
[18, 15, 6, 20, 7, 21, 24, 8, 19, 13, 19, 14, 23, 20, 19, 0, 2, 16, 5, 12],
[16, 13, 6, 20, 8, 21, 23, 9, 18, 14, 17, 12, 21, 21, 20, 2, 0, 14, 4, 12],
[13, 1, 10, 14, 13, 10, 9, 12, 4, 14, 9, 10, 8, 17, 18, 16, 14, 0, 11, 10],
[14, 10, 4, 17, 6, 17, 19, 7, 14, 12, 14, 10, 18, 18, 18, 5, 4, 11, 0, 9],
[21, 10, 6, 8, 5, 10, 14, 4, 11, 4, 18, 17, 17, 9, 9, 12, 12, 10, 9, 0]
   ]
];