// INSTANCIA FGSSP 20x20-03
nbJobs = 20;
nbMchs = 20;

OpDurations = [
[17, 65, 78, 33, 42, 58, 76, 59, 78, 71, 37, 93, 80, 56, 49, 75, 31, 87, 77, 75]
[65, 74, 82, 50, 39, 70, 4, 83, 72, 55, 62, 75, 24, 54, 15, 79, 47, 7, 43, 62]
[76, 88, 15, 57, 84, 55, 76, 96, 37, 2, 84, 71, 49, 10, 36, 88, 44, 43, 62, 49]
[86, 46, 41, 98, 49, 87, 80, 25, 39, 45, 45, 87, 44, 35, 28, 24, 83, 72, 76, 21]
[49, 16, 38, 95, 45, 9, 88, 83, 37, 44, 44, 13, 23, 79, 6, 15, 73, 2, 19, 92]
[77, 35, 17, 24, 51, 90, 71, 85, 56, 96, 27, 15, 47, 31, 29, 68, 45, 61, 87, 47]
[24, 15, 41, 7, 59, 79, 85, 53, 13, 26, 15, 96, 10, 88, 24, 2, 48, 81, 23, 38]
[26, 19, 50, 17, 39, 38, 19, 90, 38, 52, 31, 62, 54, 63, 1, 19, 14, 12, 18, 96]
[56, 47, 88, 33, 66, 45, 79, 29, 56, 42, 29, 7, 96, 23, 39, 81, 69, 38, 17, 69]
[16, 39, 10, 49, 50, 60, 44, 76, 68, 78, 10, 31, 63, 37, 85, 67, 80, 56, 39, 93]
[68, 6, 52, 78, 76, 31, 47, 81, 27, 64, 93, 16, 54, 39, 52, 82, 58, 8, 85, 51]
[9, 1, 83, 79, 38, 39, 88, 33, 52, 60, 35, 47, 66, 57, 50, 33, 54, 45, 18, 27]
[97, 78, 63, 91, 63, 6, 99, 15, 92, 7, 95, 15, 8, 81, 40, 40, 53, 2, 12, 41]
[13, 68, 3, 5, 86, 31, 82, 73, 2, 42, 70, 95, 90, 35, 73, 83, 51, 91, 22, 71]
[51, 98, 71, 29, 4, 35, 54, 70, 41, 56, 34, 91, 20, 71, 87, 99, 61, 52, 19, 13]
[57, 96, 24, 15, 16, 57, 89, 5, 22, 49, 61, 35, 21, 51, 6, 63, 56, 81, 4, 26]
[46, 72, 67, 17, 32, 79, 23, 11, 20, 55, 1, 51, 25, 87, 35, 49, 5, 90, 7, 43]
[50, 70, 23, 40, 50, 84, 72, 56, 57, 87, 87, 21, 32, 78, 80, 42, 68, 48, 25, 93]
[40, 51, 79, 88, 58, 11, 8, 93, 75, 42, 38, 19, 84, 76, 36, 84, 1, 53, 71, 91]
[68, 7, 65, 54, 56, 1, 73, 64, 24, 73, 72, 77, 80, 54, 54, 32, 11, 70, 33, 74]
];

setup = [
//setup on machine: MAQ 0
[   [0, 18, 6, 2, 10, 7, 11, 14, 14, 17, 13, 16, 15, 21, 5, 7, 7, 17, 9, 10],
[18, 0, 22, 19, 15, 20, 25, 6, 6, 10, 18, 5, 14, 3, 17, 25, 14, 17, 15, 18],
[6, 22, 0, 4, 9, 13, 5, 18, 19, 17, 9, 18, 14, 24, 11, 4, 13, 14, 15, 16],
[2, 19, 4, 0, 9, 9, 9, 15, 16, 16, 11, 16, 14, 22, 7, 6, 9, 15, 11, 12],
[10, 15, 9, 9, 0, 17, 11, 13, 14, 8, 4, 10, 5, 17, 13, 13, 13, 7, 16, 18],
[7, 20, 13, 9, 17, 0, 18, 14, 15, 22, 19, 19, 21, 23, 4, 12, 6, 23, 6, 4],
[11, 25, 5, 9, 11, 18, 0, 23, 24, 19, 9, 21, 15, 28, 16, 6, 18, 14, 20, 21],
[14, 6, 18, 15, 13, 14, 23, 0, 1, 13, 17, 7, 15, 9, 11, 21, 8, 18, 9, 12],
[14, 6, 19, 16, 14, 15, 24, 1, 0, 13, 18, 8, 16, 9, 11, 21, 9, 19, 9, 12],
[17, 10, 17, 16, 8, 22, 19, 13, 13, 0, 10, 6, 4, 11, 18, 21, 17, 7, 19, 22],
[13, 18, 9, 11, 4, 19, 9, 17, 18, 10, 0, 13, 6, 20, 16, 13, 16, 5, 19, 21],
[16, 5, 18, 16, 10, 19, 21, 7, 8, 6, 13, 0, 9, 7, 15, 21, 13, 12, 15, 18],
[15, 14, 14, 14, 5, 21, 15, 15, 16, 4, 6, 9, 0, 15, 17, 18, 17, 3, 19, 22],
[21, 3, 24, 22, 17, 23, 28, 9, 9, 11, 20, 7, 15, 0, 20, 28, 17, 18, 18, 21],
[5, 17, 11, 7, 13, 4, 16, 11, 11, 18, 16, 15, 17, 20, 0, 12, 3, 20, 4, 5],
[7, 25, 4, 6, 13, 12, 6, 21, 21, 21, 13, 21, 18, 28, 12, 0, 14, 18, 16, 16],
[7, 14, 13, 9, 13, 6, 18, 8, 9, 17, 16, 13, 17, 17, 3, 14, 0, 19, 3, 5],
[17, 17, 14, 15, 7, 23, 14, 18, 19, 7, 5, 12, 3, 18, 20, 18, 19, 0, 22, 24],
[9, 15, 15, 11, 16, 6, 20, 9, 9, 19, 19, 15, 19, 18, 4, 16, 3, 22, 0, 3],
[10, 18, 16, 12, 18, 4, 21, 12, 12, 22, 21, 18, 22, 21, 5, 16, 5, 24, 3, 0]
   ],
//setup on machine: MAQ 1
[   [0, 15, 21, 6, 23, 19, 19, 6, 17, 3, 21, 12, 11, 13, 16, 6, 8, 5, 5, 18],
[15, 0, 11, 17, 19, 20, 18, 16, 8, 17, 6, 3, 6, 23, 12, 9, 7, 12, 11, 8],
[21, 11, 0, 20, 10, 14, 11, 19, 4, 22, 10, 13, 16, 22, 7, 17, 13, 16, 19, 3],
[6, 17, 20, 0, 20, 15, 15, 1, 17, 4, 23, 15, 16, 7, 14, 11, 11, 5, 10, 18],
[23, 19, 10, 20, 0, 7, 5, 19, 12, 24, 20, 20, 24, 19, 8, 23, 19, 18, 24, 12],
[19, 20, 14, 15, 7, 0, 3, 14, 14, 19, 23, 20, 23, 12, 9, 21, 17, 15, 22, 15],
[19, 18, 11, 15, 5, 3, 0, 14, 12, 19, 20, 18, 21, 14, 6, 20, 16, 14, 21, 12],
[6, 16, 19, 1, 19, 14, 14, 0, 16, 5, 22, 14, 15, 7, 13, 11, 10, 4, 10, 17],
[17, 8, 4, 17, 12, 14, 12, 16, 0, 19, 9, 9, 13, 21, 6, 14, 10, 13, 16, 1],
[3, 17, 22, 4, 24, 19, 19, 5, 19, 0, 23, 14, 14, 11, 17, 9, 10, 6, 8, 20],
[21, 6, 10, 23, 20, 23, 20, 22, 9, 23, 0, 9, 11, 28, 14, 15, 13, 18, 17, 8],
[12, 3, 13, 15, 20, 20, 18, 14, 9, 14, 9, 0, 4, 21, 12, 6, 4, 10, 8, 10],
[11, 6, 16, 16, 24, 23, 21, 15, 13, 14, 11, 4, 0, 22, 16, 5, 6, 11, 7, 13],
[13, 23, 22, 7, 19, 12, 14, 7, 21, 11, 28, 21, 22, 0, 16, 18, 17, 11, 17, 21],
[16, 12, 7, 14, 8, 9, 6, 13, 6, 17, 14, 12, 16, 16, 0, 15, 11, 11, 16, 6],
[6, 9, 17, 11, 23, 21, 20, 11, 14, 9, 15, 6, 5, 18, 15, 0, 4, 7, 2, 15],
[8, 7, 13, 11, 19, 17, 16, 10, 10, 10, 13, 4, 6, 17, 11, 4, 0, 6, 6, 11],
[5, 12, 16, 5, 18, 15, 14, 4, 13, 6, 18, 10, 11, 11, 11, 7, 6, 0, 7, 14],
[5, 11, 19, 10, 24, 22, 21, 10, 16, 8, 17, 8, 7, 17, 16, 2, 6, 7, 0, 17],
[18, 8, 3, 18, 12, 15, 12, 17, 1, 20, 8, 10, 13, 21, 6, 15, 11, 14, 17, 0]
   ],
//setup on machine: MAQ 2
[   [0, 17, 9, 6, 10, 3, 5, 16, 6, 12, 12, 18, 6, 18, 12, 7, 4, 8, 10, 20],
[17, 0, 22, 21, 7, 14, 22, 22, 21, 26, 19, 15, 13, 29, 27, 24, 21, 10, 24, 15],
[9, 22, 0, 13, 16, 11, 11, 9, 3, 4, 6, 15, 14, 9, 5, 7, 10, 13, 2, 18],
[6, 21, 13, 0, 14, 8, 3, 21, 10, 16, 17, 23, 8, 22, 14, 8, 3, 13, 14, 26],
[10, 7, 16, 14, 0, 7, 15, 18, 15, 20, 15, 15, 6, 24, 21, 17, 14, 4, 18, 16],
[3, 14, 11, 8, 7, 0, 8, 16, 9, 14, 12, 16, 3, 20, 14, 10, 7, 5, 13, 18],
[5, 22, 11, 3, 15, 8, 0, 19, 8, 13, 16, 22, 9, 19, 11, 5, 1, 13, 11, 25],
[16, 22, 9, 21, 18, 16, 19, 0, 12, 9, 4, 9, 19, 9, 13, 16, 19, 15, 10, 12],
[6, 21, 3, 10, 15, 9, 8, 12, 0, 6, 9, 17, 12, 12, 6, 4, 7, 12, 4, 20],
[12, 26, 4, 16, 20, 14, 13, 9, 6, 0, 8, 17, 17, 6, 4, 9, 13, 16, 2, 20],
[12, 19, 6, 17, 15, 12, 16, 4, 9, 8, 0, 9, 15, 10, 11, 13, 15, 11, 8, 12],
[18, 15, 15, 23, 15, 16, 22, 9, 17, 17, 9, 0, 18, 17, 20, 21, 22, 13, 17, 3],
[6, 13, 14, 8, 6, 3, 9, 19, 12, 17, 15, 18, 0, 23, 17, 13, 9, 6, 16, 20],
[18, 29, 9, 22, 24, 20, 19, 9, 12, 6, 10, 17, 23, 0, 9, 15, 19, 21, 8, 20],
[12, 27, 5, 14, 21, 14, 11, 13, 6, 4, 11, 20, 17, 9, 0, 6, 11, 17, 3, 23],
[7, 24, 7, 8, 17, 10, 5, 16, 4, 9, 13, 21, 13, 15, 6, 0, 5, 15, 7, 24],
[4, 21, 10, 3, 14, 7, 1, 19, 7, 13, 15, 22, 9, 19, 11, 5, 0, 12, 11, 24],
[8, 10, 13, 13, 4, 5, 13, 15, 12, 16, 11, 13, 6, 21, 17, 15, 12, 0, 15, 14],
[10, 24, 2, 14, 18, 13, 11, 10, 4, 2, 8, 17, 16, 8, 3, 7, 11, 15, 0, 20],
[20, 15, 18, 26, 16, 18, 25, 12, 20, 20, 12, 3, 20, 20, 23, 24, 24, 14, 20, 0]
   ],
//setup on machine: MAQ 3
[   [0, 14, 9, 16, 15, 5, 13, 11, 9, 4, 4, 2, 7, 8, 13, 6, 10, 11, 12, 11],
[14, 0, 16, 24, 24, 18, 27, 25, 14, 14, 16, 13, 10, 22, 18, 15, 22, 4, 17, 16],
[9, 16, 0, 8, 8, 13, 14, 14, 18, 5, 13, 10, 6, 11, 21, 14, 18, 14, 3, 20],
[16, 24, 8, 0, 2, 19, 14, 16, 25, 13, 20, 17, 14, 14, 28, 21, 23, 22, 7, 27],
[15, 24, 8, 2, 0, 18, 12, 14, 24, 12, 19, 17, 14, 13, 27, 20, 21, 22, 8, 26],
[5, 18, 13, 19, 18, 0, 12, 9, 8, 8, 2, 5, 12, 7, 10, 4, 5, 14, 16, 9],
[13, 27, 14, 14, 12, 12, 0, 3, 20, 13, 14, 15, 18, 5, 21, 16, 13, 24, 16, 21],
[11, 25, 14, 16, 14, 9, 3, 0, 17, 11, 11, 13, 16, 3, 18, 13, 10, 22, 16, 18],
[9, 14, 18, 25, 24, 8, 20, 17, 0, 13, 6, 8, 14, 15, 4, 4, 9, 11, 21, 2],
[4, 14, 5, 13, 12, 8, 13, 11, 13, 0, 8, 5, 5, 9, 16, 9, 13, 11, 8, 15],
[4, 16, 13, 20, 19, 2, 14, 11, 6, 8, 0, 4, 11, 9, 9, 2, 6, 12, 16, 8],
[2, 13, 10, 17, 17, 5, 15, 13, 8, 5, 4, 0, 7, 10, 11, 4, 10, 9, 13, 10],
[7, 10, 6, 14, 14, 12, 18, 16, 14, 5, 11, 7, 0, 14, 18, 11, 17, 8, 8, 16],
[8, 22, 11, 14, 13, 7, 5, 3, 15, 9, 9, 10, 14, 0, 17, 11, 9, 19, 14, 16],
[13, 18, 21, 28, 27, 10, 21, 18, 4, 16, 9, 11, 18, 17, 0, 7, 9, 15, 24, 2],
[6, 15, 14, 21, 20, 4, 16, 13, 4, 9, 2, 4, 11, 11, 7, 0, 7, 11, 17, 6],
[10, 22, 18, 23, 21, 5, 13, 10, 9, 13, 6, 10, 17, 9, 9, 7, 0, 18, 21, 9],
[11, 4, 14, 22, 22, 14, 24, 22, 11, 11, 12, 9, 8, 19, 15, 11, 18, 0, 16, 13],
[12, 17, 3, 7, 8, 16, 16, 16, 21, 8, 16, 13, 8, 14, 24, 17, 21, 16, 0, 23],
[11, 16, 20, 27, 26, 9, 21, 18, 2, 15, 8, 10, 16, 16, 2, 6, 9, 13, 23, 0]
   ],
//setup on machine: MAQ 4
[   [0, 12, 11, 7, 16, 4, 17, 17, 3, 16, 12, 9, 11, 16, 17, 1, 17, 8, 15, 14],
[12, 0, 2, 13, 10, 16, 10, 12, 15, 5, 18, 20, 19, 8, 13, 11, 11, 19, 3, 12],
[11, 2, 0, 13, 12, 15, 9, 10, 14, 7, 18, 18, 17, 10, 11, 10, 9, 17, 5, 10],
[7, 13, 13, 0, 11, 9, 21, 22, 8, 15, 6, 16, 18, 12, 22, 7, 21, 14, 16, 20],
[16, 10, 12, 11, 0, 19, 20, 22, 18, 8, 13, 25, 26, 3, 23, 15, 21, 23, 10, 22],
[4, 16, 15, 9, 19, 0, 21, 20, 1, 20, 13, 7, 10, 19, 20, 5, 20, 5, 19, 17],
[17, 10, 9, 21, 20, 21, 0, 4, 20, 13, 27, 21, 18, 17, 5, 17, 3, 21, 10, 7],
[17, 12, 10, 22, 22, 20, 4, 0, 20, 16, 28, 19, 16, 20, 1, 16, 1, 19, 13, 4],
[3, 15, 14, 8, 18, 1, 20, 20, 0, 19, 12, 8, 11, 18, 19, 4, 19, 6, 18, 16],
[16, 5, 7, 15, 8, 20, 13, 16, 19, 0, 19, 24, 24, 5, 17, 15, 15, 23, 3, 17],
[12, 18, 18, 6, 13, 13, 27, 28, 12, 19, 0, 20, 23, 15, 28, 13, 27, 18, 20, 26],
[9, 20, 18, 16, 25, 7, 21, 19, 8, 24, 20, 0, 4, 25, 18, 10, 19, 2, 23, 15],
[11, 19, 17, 18, 26, 10, 18, 16, 11, 24, 23, 4, 0, 25, 15, 11, 16, 6, 22, 12],
[16, 8, 10, 12, 3, 19, 17, 20, 18, 5, 15, 25, 25, 0, 21, 15, 19, 23, 8, 20],
[17, 13, 11, 22, 23, 20, 5, 1, 19, 17, 28, 18, 15, 21, 0, 16, 2, 19, 14, 3],
[1, 11, 10, 7, 15, 5, 17, 16, 4, 15, 13, 10, 11, 15, 16, 0, 16, 8, 14, 13],
[17, 11, 9, 21, 21, 20, 3, 1, 19, 15, 27, 19, 16, 19, 2, 16, 0, 19, 12, 4],
[8, 19, 17, 14, 23, 5, 21, 19, 6, 23, 18, 2, 6, 23, 19, 8, 19, 0, 22, 16],
[15, 3, 5, 16, 10, 19, 10, 13, 18, 3, 20, 23, 22, 8, 14, 14, 12, 22, 0, 14],
[14, 12, 10, 20, 22, 17, 7, 4, 16, 17, 26, 15, 12, 20, 3, 13, 4, 16, 14, 0]
   ],
//setup on machine: MAQ 5
[   [0, 25, 18, 22, 15, 16, 23, 7, 10, 5, 13, 17, 17, 14, 26, 6, 10, 8, 18, 9],
[25, 0, 14, 7, 18, 20, 5, 21, 16, 20, 20, 14, 8, 17, 3, 25, 17, 18, 9, 16],
[18, 14, 0, 17, 5, 24, 16, 11, 8, 14, 22, 1, 9, 4, 17, 15, 17, 16, 15, 13],
[22, 7, 17, 0, 20, 13, 2, 20, 15, 17, 14, 17, 8, 18, 6, 23, 12, 14, 4, 13],
[15, 18, 5, 20, 0, 24, 20, 8, 7, 12, 22, 4, 12, 2, 21, 11, 17, 15, 18, 13],
[16, 20, 24, 13, 24, 0, 15, 19, 17, 14, 3, 23, 16, 22, 19, 21, 7, 10, 11, 11],
[23, 5, 16, 2, 20, 15, 0, 20, 16, 18, 16, 16, 8, 18, 4, 24, 14, 16, 5, 14],
[7, 21, 11, 20, 8, 19, 20, 0, 5, 5, 16, 10, 13, 7, 23, 4, 12, 9, 16, 8],
[10, 16, 8, 15, 7, 17, 16, 5, 0, 6, 15, 7, 8, 5, 18, 9, 10, 8, 12, 6],
[5, 20, 14, 17, 12, 14, 18, 5, 6, 0, 11, 13, 12, 10, 21, 7, 7, 4, 13, 4],
[13, 20, 22, 14, 22, 3, 16, 16, 15, 11, 0, 21, 15, 20, 20, 18, 5, 7, 11, 9],
[17, 14, 1, 17, 4, 23, 16, 10, 7, 13, 21, 0, 9, 4, 17, 14, 16, 15, 15, 12],
[17, 8, 9, 8, 12, 16, 8, 13, 8, 12, 15, 9, 0, 10, 10, 17, 11, 11, 6, 9],
[14, 17, 4, 18, 2, 22, 18, 7, 5, 10, 20, 4, 10, 0, 19, 11, 15, 13, 16, 11],
[26, 3, 17, 6, 21, 19, 4, 23, 18, 21, 20, 17, 10, 19, 0, 27, 17, 19, 9, 17],
[6, 25, 15, 23, 11, 21, 24, 4, 9, 7, 18, 14, 17, 11, 27, 0, 14, 11, 20, 11],
[10, 17, 17, 12, 17, 7, 14, 12, 10, 7, 5, 16, 11, 15, 17, 14, 0, 3, 9, 4],
[8, 18, 16, 14, 15, 10, 16, 9, 8, 4, 7, 15, 11, 13, 19, 11, 3, 0, 11, 3],
[18, 9, 15, 4, 18, 11, 5, 16, 12, 13, 11, 15, 6, 16, 9, 20, 9, 11, 0, 9],
[9, 16, 13, 13, 13, 11, 14, 8, 6, 4, 9, 12, 9, 11, 17, 11, 4, 3, 9, 0]
   ],
//setup on machine: MAQ 6
[   [0, 11, 17, 10, 17, 6, 13, 18, 7, 9, 7, 13, 19, 12, 9, 5, 10, 11, 12, 18],
[11, 0, 20, 20, 15, 9, 3, 19, 15, 20, 17, 5, 20, 3, 16, 6, 6, 21, 20, 20],
[17, 20, 0, 25, 8, 22, 23, 4, 24, 19, 22, 16, 4, 18, 9, 16, 24, 25, 11, 2],
[10, 20, 25, 0, 26, 11, 20, 27, 5, 7, 4, 22, 28, 22, 16, 15, 16, 1, 16, 27],
[17, 15, 8, 26, 0, 20, 18, 4, 23, 22, 23, 10, 5, 12, 12, 14, 20, 27, 16, 6],
[6, 9, 22, 11, 20, 0, 9, 22, 6, 13, 9, 13, 23, 11, 15, 6, 5, 12, 17, 23],
[13, 3, 23, 20, 18, 9, 0, 22, 15, 22, 18, 8, 23, 6, 19, 9, 4, 21, 23, 23],
[18, 19, 4, 27, 4, 22, 22, 0, 25, 22, 23, 14, 1, 16, 11, 16, 23, 27, 14, 2],
[7, 15, 24, 5, 23, 6, 15, 25, 0, 9, 4, 18, 26, 17, 15, 11, 11, 6, 16, 25],
[9, 20, 19, 7, 22, 13, 22, 22, 9, 0, 5, 21, 23, 21, 11, 14, 18, 7, 9, 21],
[7, 17, 22, 4, 23, 9, 18, 23, 4, 5, 0, 19, 24, 19, 13, 12, 14, 4, 13, 23],
[13, 5, 16, 22, 10, 13, 8, 14, 18, 21, 19, 0, 15, 2, 15, 8, 11, 23, 19, 16],
[19, 20, 4, 28, 5, 23, 23, 1, 26, 23, 24, 15, 0, 17, 12, 17, 24, 28, 14, 2],
[12, 3, 18, 22, 12, 11, 6, 16, 17, 21, 19, 2, 17, 0, 16, 7, 9, 22, 20, 18],
[9, 16, 9, 16, 12, 15, 19, 11, 15, 11, 13, 15, 12, 16, 0, 11, 18, 17, 4, 11],
[5, 6, 16, 15, 14, 6, 9, 16, 11, 14, 12, 8, 17, 7, 11, 0, 8, 16, 14, 17],
[10, 6, 24, 16, 20, 5, 4, 23, 11, 18, 14, 11, 24, 9, 18, 8, 0, 17, 21, 24],
[11, 21, 25, 1, 27, 12, 21, 27, 6, 7, 4, 23, 28, 22, 17, 16, 17, 0, 16, 27],
[12, 20, 11, 16, 16, 17, 23, 14, 16, 9, 13, 19, 14, 20, 4, 14, 21, 16, 0, 13],
[18, 20, 2, 27, 6, 23, 23, 2, 25, 21, 23, 16, 2, 18, 11, 17, 24, 27, 13, 0]
   ],
//setup on machine: MAQ 7
[   [0, 25, 18, 21, 24, 16, 14, 2, 22, 4, 1, 15, 15, 2, 13, 12, 11, 12, 23, 24],
[25, 0, 10, 9, 6, 19, 15, 26, 3, 21, 24, 12, 16, 25, 16, 14, 20, 23, 4, 3],
[18, 10, 0, 15, 14, 9, 5, 20, 7, 14, 17, 3, 6, 18, 16, 6, 11, 22, 7, 12],
[21, 9, 15, 0, 4, 22, 17, 23, 10, 18, 21, 14, 19, 22, 9, 15, 21, 16, 11, 6],
[24, 6, 14, 4, 0, 22, 17, 25, 8, 21, 23, 14, 19, 25, 13, 16, 22, 20, 9, 3],
[16, 19, 9, 22, 22, 0, 5, 18, 16, 13, 15, 8, 3, 14, 20, 8, 5, 24, 15, 20],
[14, 15, 5, 17, 17, 5, 0, 16, 12, 10, 13, 3, 2, 13, 15, 3, 6, 20, 11, 16],
[2, 26, 20, 23, 25, 18, 16, 0, 24, 6, 3, 17, 17, 4, 14, 14, 13, 12, 25, 26],
[22, 3, 7, 10, 8, 16, 12, 24, 0, 18, 21, 9, 13, 22, 15, 11, 17, 22, 1, 5],
[4, 21, 14, 18, 21, 13, 10, 6, 18, 0, 3, 11, 11, 4, 11, 8, 8, 13, 19, 21],
[1, 24, 17, 21, 23, 15, 13, 3, 21, 3, 0, 14, 14, 2, 13, 11, 10, 12, 22, 23],
[15, 12, 3, 14, 14, 8, 3, 17, 9, 11, 14, 0, 5, 15, 13, 3, 9, 19, 8, 13],
[15, 16, 6, 19, 19, 3, 2, 17, 13, 11, 14, 5, 0, 14, 17, 5, 5, 22, 13, 17],
[2, 25, 18, 22, 25, 14, 13, 4, 22, 4, 2, 15, 14, 0, 15, 12, 9, 14, 23, 25],
[13, 16, 16, 9, 13, 20, 15, 14, 15, 11, 13, 13, 17, 15, 0, 12, 17, 7, 16, 14],
[12, 14, 6, 15, 16, 8, 3, 14, 11, 8, 11, 3, 5, 12, 12, 0, 6, 17, 11, 15],
[11, 20, 11, 21, 22, 5, 6, 13, 17, 8, 10, 9, 5, 9, 17, 6, 0, 20, 17, 21],
[12, 23, 22, 16, 20, 24, 20, 12, 22, 13, 12, 19, 22, 14, 7, 17, 20, 0, 23, 21],
[23, 4, 7, 11, 9, 15, 11, 25, 1, 19, 22, 8, 13, 23, 16, 11, 17, 23, 0, 6],
[24, 3, 12, 6, 3, 20, 16, 26, 5, 21, 23, 13, 17, 25, 14, 15, 21, 21, 6, 0]
   ],
//setup on machine: MAQ 8
[   [0, 13, 15, 15, 5, 7, 16, 17, 10, 4, 18, 12, 12, 8, 8, 19, 10, 15, 19, 8],
[13, 0, 6, 5, 18, 7, 4, 11, 4, 14, 5, 2, 15, 10, 9, 7, 12, 14, 6, 16],
[15, 6, 0, 11, 19, 10, 9, 5, 5, 14, 7, 7, 20, 14, 13, 4, 17, 9, 8, 20],
[15, 5, 11, 0, 20, 8, 3, 16, 8, 16, 7, 4, 12, 9, 8, 11, 9, 18, 7, 15],
[5, 18, 19, 20, 0, 12, 21, 21, 15, 6, 23, 17, 15, 12, 13, 23, 14, 17, 24, 9],
[7, 7, 10, 8, 12, 0, 9, 14, 5, 9, 12, 5, 10, 4, 4, 13, 7, 14, 12, 10],
[16, 4, 9, 3, 21, 9, 0, 14, 8, 17, 4, 4, 15, 11, 10, 9, 12, 17, 4, 18],
[17, 11, 5, 16, 21, 14, 14, 0, 9, 15, 11, 12, 24, 18, 17, 7, 21, 6, 12, 23],
[10, 4, 5, 8, 15, 5, 8, 9, 0, 10, 9, 4, 15, 9, 9, 9, 12, 10, 9, 15],
[4, 14, 14, 16, 6, 9, 17, 15, 10, 0, 19, 13, 16, 11, 11, 18, 14, 11, 19, 12],
[18, 5, 7, 7, 23, 12, 4, 11, 9, 19, 0, 7, 19, 15, 14, 5, 16, 16, 1, 21],
[12, 2, 7, 4, 17, 5, 4, 12, 4, 13, 7, 0, 13, 8, 7, 9, 10, 14, 7, 15],
[12, 15, 20, 12, 15, 10, 15, 24, 15, 16, 19, 13, 0, 6, 7, 22, 3, 24, 19, 6],
[8, 10, 14, 9, 12, 4, 11, 18, 9, 11, 15, 8, 6, 0, 1, 17, 3, 18, 15, 7],
[8, 9, 13, 8, 13, 4, 10, 17, 9, 11, 14, 7, 7, 1, 0, 16, 4, 18, 14, 8],
[19, 7, 4, 11, 23, 13, 9, 7, 9, 18, 5, 9, 22, 17, 16, 0, 19, 12, 6, 23],
[10, 12, 17, 9, 14, 7, 12, 21, 12, 14, 16, 10, 3, 3, 4, 19, 0, 21, 16, 6],
[15, 14, 9, 18, 17, 14, 17, 6, 10, 11, 16, 14, 24, 18, 18, 12, 21, 0, 17, 22],
[19, 6, 8, 7, 24, 12, 4, 12, 9, 19, 1, 7, 19, 15, 14, 6, 16, 17, 0, 22],
[8, 16, 20, 15, 9, 10, 18, 23, 15, 12, 21, 15, 6, 7, 8, 23, 6, 22, 22, 0]
   ],
//setup on machine: MAQ 9
[   [0, 13, 14, 19, 14, 21, 16, 16, 12, 14, 3, 4, 6, 15, 19, 17, 9, 16, 8, 3],
[13, 0, 8, 10, 8, 9, 11, 8, 10, 14, 16, 13, 16, 8, 16, 7, 19, 3, 12, 13],
[14, 8, 0, 18, 1, 14, 19, 3, 3, 6, 15, 11, 13, 16, 24, 4, 22, 9, 8, 12],
[19, 10, 18, 0, 18, 9, 5, 17, 20, 24, 22, 21, 24, 4, 9, 16, 21, 10, 21, 20],
[14, 8, 1, 18, 0, 13, 19, 2, 4, 7, 16, 12, 14, 16, 24, 3, 23, 8, 9, 12],
[21, 9, 14, 9, 13, 0, 13, 12, 17, 20, 24, 22, 25, 11, 18, 11, 26, 6, 20, 21],
[16, 11, 19, 5, 19, 13, 0, 19, 21, 24, 19, 19, 22, 3, 5, 18, 16, 12, 20, 18],
[16, 8, 3, 17, 2, 12, 19, 0, 6, 9, 18, 14, 16, 16, 24, 1, 24, 7, 11, 14],
[12, 10, 3, 20, 4, 17, 21, 6, 0, 4, 13, 9, 11, 18, 25, 7, 21, 11, 5, 9],
[14, 14, 6, 24, 7, 20, 24, 9, 4, 0, 14, 10, 11, 21, 28, 10, 23, 15, 6, 11],
[3, 16, 15, 22, 16, 24, 19, 18, 13, 14, 0, 4, 4, 18, 22, 18, 10, 18, 8, 4],
[4, 13, 11, 21, 12, 22, 19, 14, 9, 10, 4, 0, 3, 17, 22, 15, 13, 16, 4, 1],
[6, 16, 13, 24, 14, 25, 22, 16, 11, 11, 4, 3, 0, 20, 25, 17, 14, 19, 6, 4],
[15, 8, 16, 4, 16, 11, 3, 16, 18, 21, 18, 17, 20, 0, 8, 15, 17, 9, 18, 16],
[19, 16, 24, 9, 24, 18, 5, 24, 25, 28, 22, 22, 25, 8, 0, 23, 16, 17, 24, 21],
[17, 7, 4, 16, 3, 11, 18, 1, 7, 10, 18, 15, 17, 15, 23, 0, 24, 6, 12, 15],
[9, 19, 22, 21, 23, 26, 16, 24, 21, 23, 10, 13, 14, 17, 16, 24, 0, 22, 17, 12],
[16, 3, 9, 10, 8, 6, 12, 7, 11, 15, 18, 16, 19, 9, 17, 6, 22, 0, 14, 15],
[8, 12, 8, 21, 9, 20, 20, 11, 5, 6, 8, 4, 6, 18, 24, 12, 17, 14, 0, 5],
[3, 13, 12, 20, 12, 21, 18, 14, 9, 11, 4, 1, 4, 16, 21, 15, 12, 15, 5, 0]
   ],
//setup on machine: MAQ 10
[   [0, 7, 15, 22, 9, 11, 2, 26, 11, 20, 3, 23, 1, 12, 12, 10, 5, 15, 7, 4],
[7, 0, 14, 21, 6, 9, 9, 20, 11, 13, 5, 21, 8, 5, 7, 3, 12, 8, 6, 7],
[15, 14, 0, 7, 20, 5, 14, 17, 4, 17, 16, 8, 16, 15, 21, 16, 16, 14, 9, 11],
[22, 21, 7, 0, 27, 12, 21, 19, 11, 22, 23, 4, 23, 22, 28, 23, 22, 20, 16, 18],
[9, 6, 20, 27, 0, 15, 11, 24, 16, 16, 6, 27, 9, 8, 4, 6, 14, 12, 11, 11],
[11, 9, 5, 12, 15, 0, 10, 17, 2, 14, 11, 13, 12, 11, 16, 11, 13, 10, 4, 7],
[2, 9, 14, 21, 11, 10, 0, 26, 10, 21, 5, 22, 3, 13, 14, 12, 4, 16, 7, 3],
[26, 20, 17, 19, 24, 17, 26, 0, 18, 9, 25, 16, 27, 16, 22, 18, 29, 12, 19, 23],
[11, 11, 4, 11, 16, 2, 10, 18, 0, 16, 12, 12, 12, 13, 17, 13, 12, 12, 5, 7],
[20, 13, 17, 22, 16, 14, 21, 9, 16, 0, 18, 20, 21, 8, 13, 10, 24, 5, 15, 18],
[3, 5, 16, 23, 6, 11, 5, 25, 12, 18, 0, 24, 3, 10, 9, 8, 8, 13, 7, 6],
[23, 21, 8, 4, 27, 13, 22, 16, 12, 20, 24, 0, 24, 21, 27, 22, 24, 18, 17, 19],
[1, 8, 16, 23, 9, 12, 3, 27, 12, 21, 3, 24, 0, 13, 12, 11, 5, 16, 8, 5],
[12, 5, 15, 22, 8, 11, 13, 16, 13, 8, 10, 21, 13, 0, 6, 2, 17, 4, 9, 11],
[12, 7, 21, 28, 4, 16, 14, 22, 17, 13, 9, 27, 12, 6, 0, 5, 17, 10, 13, 13],
[10, 3, 16, 23, 6, 11, 12, 18, 13, 10, 8, 22, 11, 2, 5, 0, 15, 6, 8, 10],
[5, 12, 16, 22, 14, 13, 4, 29, 12, 24, 8, 24, 5, 17, 17, 15, 0, 19, 10, 6],
[15, 8, 14, 20, 12, 10, 16, 12, 12, 5, 13, 18, 16, 4, 10, 6, 19, 0, 10, 13],
[7, 6, 9, 16, 11, 4, 7, 19, 5, 15, 7, 17, 8, 9, 13, 8, 10, 10, 0, 4],
[4, 7, 11, 18, 11, 7, 3, 23, 7, 18, 6, 19, 5, 11, 13, 10, 6, 13, 4, 0]
   ],
//setup on machine: MAQ 11
[   [0, 10, 6, 7, 6, 10, 12, 4, 11, 16, 6, 11, 6, 22, 4, 11, 15, 6, 7, 17],
[10, 0, 14, 4, 16, 9, 4, 12, 4, 6, 14, 9, 7, 12, 6, 15, 5, 15, 15, 10],
[6, 14, 0, 11, 8, 16, 14, 9, 14, 19, 1, 10, 8, 26, 8, 17, 19, 1, 12, 22],
[7, 4, 11, 0, 13, 9, 5, 10, 4, 9, 10, 7, 3, 16, 3, 14, 9, 11, 13, 13],
[6, 16, 8, 13, 0, 13, 18, 4, 17, 22, 9, 16, 12, 27, 10, 10, 20, 8, 4, 21],
[10, 9, 16, 9, 13, 0, 13, 9, 12, 14, 16, 16, 12, 16, 9, 7, 10, 16, 10, 8],
[12, 4, 14, 5, 18, 13, 0, 15, 1, 5, 14, 6, 7, 13, 8, 19, 7, 15, 18, 14],
[4, 12, 9, 10, 4, 9, 15, 0, 14, 18, 9, 14, 9, 23, 7, 8, 17, 8, 4, 17],
[11, 4, 14, 4, 17, 12, 1, 14, 0, 6, 13, 6, 6, 13, 7, 18, 7, 14, 17, 13],
[16, 6, 19, 9, 22, 14, 5, 18, 6, 0, 18, 11, 11, 8, 12, 20, 4, 20, 21, 11],
[6, 14, 1, 10, 9, 16, 14, 9, 13, 18, 0, 9, 7, 26, 8, 17, 19, 2, 12, 22],
[11, 9, 10, 7, 16, 16, 6, 14, 6, 11, 9, 0, 5, 19, 8, 21, 13, 11, 18, 19],
[6, 7, 8, 3, 12, 12, 7, 9, 6, 11, 7, 5, 0, 19, 3, 16, 12, 9, 13, 16],
[22, 12, 26, 16, 27, 16, 13, 23, 13, 8, 26, 19, 19, 0, 18, 22, 7, 27, 25, 9],
[4, 6, 8, 3, 10, 9, 8, 7, 7, 12, 8, 8, 3, 18, 0, 13, 11, 9, 10, 15],
[11, 15, 17, 14, 10, 7, 19, 8, 18, 20, 17, 21, 16, 22, 13, 0, 17, 16, 6, 14],
[15, 5, 19, 9, 20, 10, 7, 17, 7, 4, 19, 13, 12, 7, 11, 17, 0, 20, 19, 7],
[6, 15, 1, 11, 8, 16, 15, 8, 14, 20, 2, 11, 9, 27, 9, 16, 20, 0, 11, 23],
[7, 15, 12, 13, 4, 10, 18, 4, 17, 21, 12, 18, 13, 25, 10, 6, 19, 11, 0, 18],
[17, 10, 22, 13, 21, 8, 14, 17, 13, 11, 22, 19, 16, 9, 15, 14, 7, 23, 18, 0]
   ],
//setup on machine: MAQ 12
[   [0, 9, 23, 6, 27, 29, 16, 17, 17, 23, 20, 30, 21, 10, 18, 4, 23, 3, 15, 20],
[9, 0, 17, 9, 21, 23, 7, 20, 14, 15, 12, 23, 16, 4, 19, 9, 16, 6, 17, 21],
[23, 17, 0, 18, 4, 6, 15, 18, 8, 8, 21, 7, 2, 21, 14, 20, 4, 20, 15, 15],
[6, 9, 18, 0, 22, 24, 16, 12, 11, 20, 21, 25, 16, 13, 12, 2, 19, 5, 9, 14],
[27, 21, 4, 22, 0, 2, 18, 21, 12, 9, 23, 3, 6, 24, 17, 24, 6, 24, 19, 18],
[29, 23, 6, 24, 2, 0, 19, 23, 14, 10, 24, 1, 8, 26, 19, 26, 7, 26, 21, 20],
[16, 7, 15, 16, 18, 19, 0, 24, 16, 10, 6, 20, 15, 8, 22, 16, 12, 13, 21, 24],
[17, 20, 18, 12, 21, 23, 24, 0, 10, 24, 30, 24, 16, 24, 4, 13, 21, 17, 4, 4],
[17, 14, 8, 11, 12, 14, 16, 10, 0, 14, 22, 15, 6, 18, 7, 13, 11, 15, 7, 9],
[23, 15, 8, 20, 9, 10, 10, 24, 14, 0, 14, 10, 9, 17, 20, 21, 4, 20, 20, 22],
[20, 12, 21, 21, 23, 24, 6, 30, 22, 14, 0, 24, 21, 10, 28, 21, 17, 17, 27, 30],
[30, 23, 7, 25, 3, 1, 20, 24, 15, 10, 24, 0, 9, 26, 20, 27, 8, 27, 22, 21],
[21, 16, 2, 16, 6, 8, 15, 16, 6, 9, 21, 9, 0, 20, 12, 18, 6, 19, 13, 13],
[10, 4, 21, 13, 24, 26, 8, 24, 18, 17, 10, 26, 20, 0, 23, 12, 19, 8, 21, 25],
[18, 19, 14, 12, 17, 19, 22, 4, 7, 20, 28, 20, 12, 23, 0, 14, 17, 17, 3, 2],
[4, 9, 20, 2, 24, 26, 16, 13, 13, 21, 21, 27, 18, 12, 14, 0, 21, 4, 11, 16],
[23, 16, 4, 19, 6, 7, 12, 21, 11, 4, 17, 8, 6, 19, 17, 21, 0, 20, 18, 19],
[3, 6, 20, 5, 24, 26, 13, 17, 15, 20, 17, 27, 19, 8, 17, 4, 20, 0, 14, 19],
[15, 17, 15, 9, 19, 21, 21, 4, 7, 20, 27, 22, 13, 21, 3, 11, 18, 14, 0, 5],
[20, 21, 15, 14, 18, 20, 24, 4, 9, 22, 30, 21, 13, 25, 2, 16, 19, 19, 5, 0]
   ],
//setup on machine: MAQ 13
[   [0, 14, 15, 15, 8, 11, 4, 6, 20, 16, 20, 22, 21, 1, 8, 15, 2, 10, 15, 6],
[14, 0, 17, 3, 20, 14, 11, 11, 7, 4, 13, 9, 9, 13, 21, 14, 12, 10, 9, 15],
[15, 17, 0, 20, 23, 25, 13, 10, 24, 16, 29, 19, 18, 14, 23, 4, 16, 22, 25, 21],
[15, 3, 20, 0, 20, 13, 12, 13, 5, 6, 10, 10, 10, 15, 21, 16, 13, 9, 7, 15],
[8, 20, 23, 20, 0, 10, 11, 14, 24, 23, 22, 29, 28, 9, 1, 23, 9, 12, 17, 5],
[11, 14, 25, 13, 10, 0, 12, 15, 16, 18, 12, 23, 23, 12, 11, 23, 10, 4, 8, 6],
[4, 11, 13, 12, 11, 12, 0, 3, 17, 13, 19, 18, 18, 3, 12, 12, 3, 10, 14, 8],
[6, 11, 10, 13, 14, 15, 3, 0, 18, 12, 21, 17, 17, 5, 14, 9, 6, 13, 16, 11],
[20, 7, 24, 5, 24, 16, 17, 18, 0, 9, 8, 10, 11, 19, 25, 21, 18, 12, 8, 19],
[16, 4, 16, 6, 23, 18, 13, 12, 9, 0, 16, 6, 5, 16, 24, 12, 15, 14, 13, 18],
[20, 13, 29, 10, 22, 12, 19, 21, 8, 16, 0, 18, 19, 20, 23, 26, 18, 10, 5, 17],
[22, 9, 19, 10, 29, 23, 18, 17, 10, 6, 18, 0, 1, 21, 29, 15, 21, 19, 17, 24],
[21, 9, 18, 10, 28, 23, 18, 17, 11, 5, 19, 1, 0, 21, 29, 14, 20, 19, 17, 23],
[1, 13, 14, 15, 9, 12, 3, 5, 19, 16, 20, 21, 21, 0, 9, 14, 2, 11, 15, 7],
[8, 21, 23, 21, 1, 11, 12, 14, 25, 24, 23, 29, 29, 9, 0, 23, 9, 13, 18, 6],
[15, 14, 4, 16, 23, 23, 12, 9, 21, 12, 26, 15, 14, 14, 23, 0, 15, 20, 22, 20],
[2, 12, 16, 13, 9, 10, 3, 6, 18, 15, 18, 21, 20, 2, 9, 15, 0, 9, 13, 5],
[10, 10, 22, 9, 12, 4, 10, 13, 12, 14, 10, 19, 19, 11, 13, 20, 9, 0, 5, 7],
[15, 9, 25, 7, 17, 8, 14, 16, 8, 13, 5, 17, 17, 15, 18, 22, 13, 5, 0, 12],
[6, 15, 21, 15, 5, 6, 8, 11, 19, 18, 17, 24, 23, 7, 6, 20, 5, 7, 12, 0]
   ],
//setup on machine: MAQ 14
[   [0, 8, 23, 23, 4, 20, 13, 9, 14, 15, 17, 8, 22, 27, 21, 20, 15, 13, 15, 20],
[8, 0, 16, 16, 4, 13, 7, 3, 12, 14, 13, 8, 15, 19, 14, 13, 12, 8, 10, 13],
[23, 16, 0, 13, 20, 8, 10, 14, 23, 26, 21, 19, 5, 9, 14, 11, 14, 18, 18, 3],
[23, 16, 13, 0, 20, 6, 16, 17, 15, 18, 12, 23, 8, 7, 3, 4, 23, 12, 10, 12],
[4, 4, 20, 20, 0, 17, 10, 6, 12, 13, 14, 8, 19, 23, 18, 16, 13, 10, 12, 17],
[20, 13, 8, 6, 17, 0, 10, 12, 16, 19, 14, 18, 3, 7, 7, 4, 17, 11, 11, 6],
[13, 7, 10, 16, 10, 10, 0, 4, 17, 20, 17, 9, 11, 16, 15, 12, 7, 13, 14, 8],
[9, 3, 14, 17, 6, 12, 4, 0, 14, 17, 15, 7, 14, 19, 15, 13, 9, 10, 12, 11],
[14, 12, 23, 15, 12, 16, 17, 14, 0, 3, 4, 19, 19, 21, 12, 13, 23, 5, 5, 20],
[15, 14, 26, 18, 13, 19, 20, 17, 3, 0, 6, 21, 22, 24, 15, 16, 26, 8, 8, 23],
[17, 13, 21, 12, 14, 14, 17, 15, 4, 6, 0, 21, 17, 18, 9, 11, 24, 5, 4, 19],
[8, 8, 19, 23, 8, 18, 9, 7, 19, 21, 21, 0, 20, 25, 22, 20, 7, 16, 18, 16],
[22, 15, 5, 8, 19, 3, 11, 14, 19, 22, 17, 20, 0, 5, 9, 6, 17, 14, 14, 5],
[27, 19, 9, 7, 23, 7, 16, 19, 21, 24, 18, 25, 5, 0, 9, 8, 22, 17, 16, 10],
[21, 14, 14, 3, 18, 7, 15, 15, 12, 15, 9, 22, 9, 9, 0, 3, 22, 9, 7, 13],
[20, 13, 11, 4, 16, 4, 12, 13, 13, 16, 11, 20, 6, 8, 3, 0, 19, 9, 8, 10],
[15, 12, 14, 23, 13, 17, 7, 9, 23, 26, 24, 7, 17, 22, 22, 19, 0, 19, 21, 12],
[13, 8, 18, 12, 10, 11, 13, 10, 5, 8, 5, 16, 14, 17, 9, 9, 19, 0, 2, 15],
[15, 10, 18, 10, 12, 11, 14, 12, 5, 8, 4, 18, 14, 16, 7, 8, 21, 2, 0, 16],
[20, 13, 3, 12, 17, 6, 8, 11, 20, 23, 19, 16, 5, 10, 13, 10, 12, 15, 16, 0]
   ],
//setup on machine: MAQ 15
[   [0, 20, 3, 25, 11, 16, 10, 1, 19, 21, 28, 21, 12, 2, 18, 15, 11, 12, 7, 17],
[20, 0, 21, 11, 9, 8, 19, 21, 8, 14, 11, 3, 17, 22, 12, 22, 14, 9, 21, 7],
[3, 21, 0, 27, 12, 18, 13, 3, 21, 24, 30, 22, 15, 4, 21, 18, 10, 13, 10, 19],
[25, 11, 27, 0, 17, 9, 19, 25, 6, 6, 5, 8, 15, 25, 8, 19, 23, 14, 22, 8],
[11, 9, 12, 17, 0, 9, 14, 12, 11, 16, 19, 11, 13, 13, 13, 18, 6, 4, 14, 9],
[16, 8, 18, 9, 9, 0, 12, 17, 3, 7, 12, 6, 9, 17, 4, 15, 15, 5, 15, 1],
[10, 19, 13, 19, 14, 12, 0, 10, 14, 14, 23, 18, 4, 9, 11, 5, 17, 11, 4, 13],
[1, 21, 3, 25, 12, 17, 10, 0, 20, 22, 29, 21, 13, 1, 19, 15, 12, 13, 7, 18],
[19, 8, 21, 6, 11, 3, 14, 20, 0, 6, 9, 5, 11, 20, 4, 16, 17, 8, 17, 2],
[21, 14, 24, 6, 16, 7, 14, 22, 6, 0, 11, 11, 10, 21, 3, 13, 22, 12, 17, 7],
[28, 11, 30, 5, 19, 12, 23, 29, 9, 11, 0, 9, 20, 29, 12, 24, 25, 17, 26, 11],
[21, 3, 22, 8, 11, 6, 18, 21, 5, 11, 9, 0, 15, 22, 9, 21, 16, 9, 20, 5],
[12, 17, 15, 15, 13, 9, 4, 13, 11, 10, 20, 15, 0, 12, 8, 6, 17, 9, 7, 10],
[2, 22, 4, 25, 13, 17, 9, 1, 20, 21, 29, 22, 12, 0, 18, 14, 13, 13, 6, 18],
[18, 12, 21, 8, 13, 4, 11, 19, 4, 3, 12, 9, 8, 18, 0, 12, 19, 9, 14, 5],
[15, 22, 18, 19, 18, 15, 5, 15, 16, 13, 24, 21, 6, 14, 12, 0, 22, 15, 8, 16],
[11, 14, 10, 23, 6, 15, 17, 12, 17, 22, 25, 16, 17, 13, 19, 22, 0, 10, 16, 15],
[12, 9, 13, 14, 4, 5, 11, 13, 8, 12, 17, 9, 9, 13, 9, 15, 10, 0, 12, 6],
[7, 21, 10, 22, 14, 15, 4, 7, 17, 17, 26, 20, 7, 6, 14, 8, 16, 12, 0, 16],
[17, 7, 19, 8, 9, 1, 13, 18, 2, 7, 11, 5, 10, 18, 5, 16, 15, 6, 16, 0]
   ],
//setup on machine: MAQ 16
[   [0, 17, 14, 6, 25, 16, 18, 2, 7, 8, 6, 8, 15, 19, 16, 20, 15, 6, 14, 13],
[17, 0, 7, 20, 21, 16, 5, 17, 14, 11, 16, 22, 12, 17, 26, 13, 26, 11, 27, 15],
[14, 7, 0, 15, 15, 9, 5, 13, 15, 6, 11, 17, 5, 10, 19, 7, 19, 8, 21, 8],
[6, 20, 15, 0, 22, 13, 20, 4, 13, 9, 4, 2, 14, 16, 10, 19, 9, 9, 8, 11],
[25, 21, 15, 22, 0, 9, 16, 23, 28, 18, 19, 23, 11, 6, 18, 8, 19, 21, 23, 12],
[16, 16, 9, 13, 9, 0, 13, 14, 20, 9, 10, 14, 4, 3, 12, 7, 13, 12, 16, 3],
[18, 5, 5, 20, 16, 13, 0, 18, 17, 11, 16, 22, 9, 13, 24, 8, 24, 12, 26, 12],
[2, 17, 13, 4, 23, 14, 18, 0, 9, 7, 4, 6, 13, 17, 14, 18, 13, 6, 12, 11],
[7, 14, 15, 13, 28, 20, 17, 9, 0, 11, 12, 15, 18, 23, 23, 22, 22, 8, 21, 17],
[8, 11, 6, 9, 18, 9, 11, 7, 11, 0, 6, 11, 7, 12, 16, 12, 15, 3, 16, 7],
[6, 16, 11, 4, 19, 10, 16, 4, 12, 6, 0, 6, 10, 13, 11, 15, 10, 6, 11, 7],
[8, 22, 17, 2, 23, 14, 22, 6, 15, 11, 6, 0, 15, 17, 9, 20, 8, 11, 6, 12],
[15, 12, 5, 14, 11, 4, 9, 13, 18, 7, 10, 15, 0, 5, 16, 5, 16, 10, 18, 4],
[19, 17, 10, 16, 6, 3, 13, 17, 23, 12, 13, 17, 5, 0, 14, 6, 15, 15, 18, 6],
[16, 26, 19, 10, 18, 12, 24, 14, 23, 16, 11, 9, 16, 14, 0, 19, 1, 17, 5, 12],
[20, 13, 7, 19, 8, 7, 8, 18, 22, 12, 15, 20, 5, 6, 19, 0, 20, 14, 23, 8],
[15, 26, 19, 9, 19, 13, 24, 13, 22, 15, 10, 8, 16, 15, 1, 20, 0, 16, 4, 12],
[6, 11, 8, 9, 21, 12, 12, 6, 8, 3, 6, 11, 10, 15, 17, 14, 16, 0, 17, 9],
[14, 27, 21, 8, 23, 16, 26, 12, 21, 16, 11, 6, 18, 18, 5, 23, 4, 17, 0, 15],
[13, 15, 8, 11, 12, 3, 12, 11, 17, 7, 7, 12, 4, 6, 12, 8, 12, 9, 15, 0]
   ],
//setup on machine: MAQ 17
[   [0, 15, 8, 20, 14, 2, 8, 11, 3, 8, 1, 5, 9, 6, 9, 9, 15, 10, 13, 11],
[15, 0, 19, 5, 8, 17, 17, 24, 18, 21, 16, 10, 9, 11, 24, 10, 4, 17, 3, 15],
[8, 19, 0, 24, 20, 9, 16, 5, 9, 3, 7, 11, 11, 8, 9, 16, 17, 4, 17, 19],
[20, 5, 24, 0, 9, 21, 20, 29, 22, 26, 20, 15, 14, 16, 28, 13, 8, 22, 7, 17],
[14, 8, 20, 9, 0, 15, 12, 24, 16, 21, 14, 9, 12, 13, 22, 5, 11, 20, 6, 8],
[2, 17, 9, 21, 15, 0, 7, 10, 1, 8, 2, 7, 11, 8, 7, 10, 17, 11, 14, 11],
[8, 17, 16, 20, 12, 7, 0, 17, 7, 15, 9, 8, 14, 13, 13, 7, 19, 18, 14, 5],
[11, 24, 5, 29, 24, 10, 17, 0, 10, 3, 10, 15, 16, 13, 6, 20, 22, 9, 22, 21],
[3, 18, 9, 22, 16, 1, 7, 10, 0, 8, 3, 8, 12, 9, 6, 11, 18, 12, 15, 11],
[8, 21, 3, 26, 21, 8, 15, 3, 8, 0, 7, 13, 13, 10, 6, 17, 20, 7, 19, 19],
[1, 16, 7, 20, 14, 2, 9, 10, 3, 7, 0, 6, 9, 6, 8, 10, 15, 9, 13, 12],
[5, 10, 11, 15, 9, 7, 8, 15, 8, 13, 6, 0, 6, 5, 14, 5, 11, 12, 8, 9],
[9, 9, 11, 14, 12, 11, 14, 16, 12, 13, 9, 6, 0, 3, 16, 10, 7, 9, 7, 15],
[6, 11, 8, 16, 13, 8, 13, 13, 9, 10, 6, 5, 3, 0, 13, 10, 10, 7, 9, 14],
[9, 24, 9, 28, 22, 7, 13, 6, 6, 6, 8, 14, 16, 13, 0, 17, 23, 13, 21, 17],
[9, 10, 16, 13, 5, 10, 7, 20, 11, 17, 10, 5, 10, 10, 17, 0, 13, 17, 7, 5],
[15, 4, 17, 8, 11, 17, 19, 22, 18, 20, 15, 11, 7, 10, 23, 13, 0, 15, 6, 17],
[10, 17, 4, 22, 20, 11, 18, 9, 12, 7, 9, 12, 9, 7, 13, 17, 15, 0, 16, 21],
[13, 3, 17, 7, 6, 14, 14, 22, 15, 19, 13, 8, 7, 9, 21, 7, 6, 16, 0, 12],
[11, 15, 19, 17, 8, 11, 5, 21, 11, 19, 12, 9, 15, 14, 17, 5, 17, 21, 12, 0]
   ],
//setup on machine: MAQ 18
[   [0, 21, 4, 9, 17, 19, 16, 21, 11, 26, 23, 18, 19, 13, 16, 17, 13, 11, 15, 25],
[21, 0, 17, 12, 29, 4, 17, 6, 23, 13, 17, 13, 15, 21, 8, 26, 10, 24, 7, 13],
[4, 17, 0, 6, 17, 15, 13, 17, 10, 22, 19, 14, 16, 11, 13, 16, 10, 11, 12, 21],
[9, 12, 6, 0, 22, 11, 15, 14, 15, 20, 19, 14, 16, 15, 7, 21, 4, 16, 6, 19],
[17, 29, 17, 22, 0, 25, 13, 25, 7, 24, 18, 17, 16, 8, 29, 3, 26, 6, 26, 23],
[19, 4, 15, 11, 25, 0, 13, 3, 20, 10, 13, 9, 11, 17, 10, 23, 11, 21, 7, 10],
[16, 17, 13, 15, 13, 13, 0, 12, 9, 12, 7, 4, 4, 6, 20, 10, 18, 10, 17, 11],
[21, 6, 17, 14, 25, 3, 12, 0, 20, 7, 11, 8, 9, 17, 13, 22, 14, 21, 10, 7],
[11, 23, 10, 15, 7, 20, 9, 20, 0, 21, 16, 13, 13, 3, 22, 6, 19, 1, 20, 20],
[26, 13, 22, 20, 24, 10, 12, 7, 21, 0, 7, 8, 8, 18, 20, 21, 21, 22, 17, 1],
[23, 17, 19, 19, 18, 13, 7, 11, 16, 7, 0, 5, 4, 13, 22, 15, 21, 17, 19, 6],
[18, 13, 14, 14, 17, 9, 4, 8, 13, 8, 5, 0, 2, 10, 17, 14, 16, 14, 14, 7],
[19, 15, 16, 16, 16, 11, 4, 9, 13, 8, 4, 2, 0, 10, 19, 14, 18, 14, 16, 7],
[13, 21, 11, 15, 8, 17, 6, 17, 3, 18, 13, 10, 10, 0, 21, 6, 19, 4, 19, 17],
[16, 8, 13, 7, 29, 10, 20, 13, 22, 20, 22, 17, 19, 21, 0, 27, 3, 23, 3, 20],
[17, 26, 16, 21, 3, 23, 10, 22, 6, 21, 15, 14, 14, 6, 27, 0, 25, 6, 24, 20],
[13, 10, 10, 4, 26, 11, 18, 14, 19, 21, 21, 16, 18, 19, 3, 25, 0, 20, 4, 20],
[11, 24, 11, 16, 6, 21, 10, 21, 1, 22, 17, 14, 14, 4, 23, 6, 20, 0, 21, 21],
[15, 7, 12, 6, 26, 7, 17, 10, 20, 17, 19, 14, 16, 19, 3, 24, 4, 21, 0, 17],
[25, 13, 21, 19, 23, 10, 11, 7, 20, 1, 6, 7, 7, 17, 20, 20, 20, 21, 17, 0]
   ],
//setup on machine: MAQ 19
[   [0, 13, 3, 6, 5, 7, 16, 8, 8, 11, 11, 3, 8, 3, 14, 15, 16, 8, 15, 8],
[13, 0, 14, 16, 12, 20, 13, 18, 18, 4, 4, 10, 6, 15, 12, 13, 17, 21, 11, 18],
[3, 14, 0, 9, 3, 6, 19, 11, 5, 12, 11, 4, 8, 1, 17, 13, 19, 7, 17, 11],
[6, 16, 9, 0, 11, 10, 13, 2, 14, 12, 15, 8, 13, 9, 11, 21, 11, 11, 12, 2],
[5, 12, 3, 11, 0, 9, 19, 13, 6, 11, 9, 4, 6, 4, 17, 10, 20, 9, 17, 13],
[7, 20, 6, 10, 9, 0, 22, 11, 6, 18, 17, 10, 14, 5, 21, 18, 21, 1, 21, 10],
[16, 13, 19, 13, 19, 22, 0, 13, 24, 10, 16, 15, 16, 19, 2, 25, 5, 23, 2, 14],
[8, 18, 11, 2, 13, 11, 13, 0, 15, 14, 17, 10, 15, 11, 12, 23, 11, 12, 13, 1],
[8, 18, 5, 14, 6, 6, 24, 15, 0, 17, 15, 9, 12, 5, 22, 13, 24, 5, 22, 14],
[11, 4, 12, 12, 11, 18, 10, 14, 17, 0, 6, 8, 6, 13, 9, 15, 13, 18, 8, 14],
[11, 4, 11, 15, 9, 17, 16, 17, 15, 6, 0, 8, 3, 12, 14, 9, 19, 18, 14, 17],
[3, 10, 4, 8, 4, 10, 15, 10, 9, 8, 8, 0, 5, 5, 13, 13, 16, 11, 13, 10],
[8, 6, 8, 13, 6, 14, 16, 15, 12, 6, 3, 5, 0, 9, 14, 9, 18, 15, 14, 15],
[3, 15, 1, 9, 4, 5, 19, 11, 5, 13, 12, 5, 9, 0, 17, 14, 19, 6, 17, 10],
[14, 12, 17, 11, 17, 21, 2, 12, 22, 9, 14, 13, 14, 17, 0, 23, 5, 22, 1, 13],
[15, 13, 13, 21, 10, 18, 25, 23, 13, 15, 9, 13, 9, 14, 23, 0, 27, 18, 23, 22],
[16, 17, 19, 11, 20, 21, 5, 11, 24, 13, 19, 16, 18, 19, 5, 27, 0, 22, 6, 12],
[8, 21, 7, 11, 9, 1, 23, 12, 5, 18, 18, 11, 15, 6, 22, 18, 22, 0, 22, 11],
[15, 11, 17, 12, 17, 21, 2, 13, 22, 8, 14, 13, 14, 17, 1, 23, 6, 22, 0, 13],
[8, 18, 11, 2, 13, 10, 14, 1, 14, 14, 17, 10, 15, 10, 13, 22, 12, 11, 13, 0]
   ]
];