nbJobs = 4;
nbMchs = 4;

OpDurations = [
[62, 71, 59, 46]
[66, 63, 21, 69]
[63, 32, 95, 45]
[11, 72, 82, 93]
];

setup = [

// INSTANCIA 04X04-9
//setup on machine: MAQ 1
[   [0, 25, 5, 12],
[25, 0, 20, 21],
[5, 20, 0, 9],
[12, 21, 9, 0]
   ],
//setup on machine: MAQ 2
[   [0, 19, 4, 21],
[19, 0, 16, 28],
[4, 16, 0, 21],
[21, 28, 21, 0]
   ],
//setup on machine: MAQ 3
[   [0, 24, 18, 11],
[24, 0, 7, 14],
[18, 7, 0, 7],
[11, 14, 7, 0]
   ],
//setup on machine: MAQ 4
[   [0, 26, 25, 10],
[26, 0, 16, 17],
[25, 16, 0, 16],
[10, 17, 16, 0]
   ]
];