// INSTANCIA 10X10-05
nbJobs = 10;
nbMchs = 10;

OpDurations = [
[23, 52, 28, 76, 75, 32, 63, 26, 66, 10]
[69, 1, 24, 96, 5, 14, 5, 28, 13, 26]
[66, 40, 42, 33, 81, 40, 84, 93, 76, 85]
[87, 48, 46, 53, 79, 73, 31, 69, 95, 48]
[57, 17, 98, 55, 23, 94, 15, 86, 89, 87]
[33, 44, 49, 73, 41, 85, 81, 78, 71, 44]
[91, 96, 78, 94, 17, 69, 70, 10, 73, 20]
[34, 64, 95, 35, 88, 96, 15, 56, 10, 10]
[54, 33, 19, 94, 19, 17, 86, 98, 51, 77]
[32, 72, 74, 24, 81, 27, 15, 73, 4, 47]
];

setup = [
//setup on machine: MAQ 1
[   [0, 18, 17, 10, 17, 14, 14, 9, 17, 13],
[18, 0, 13, 18, 5, 19, 5, 25, 15, 9],
[17, 13, 0, 10, 8, 26, 14, 19, 25, 5],
[10, 18, 10, 0, 15, 23, 17, 9, 24, 10],
[17, 5, 8, 15, 0, 22, 8, 23, 19, 5],
[14, 19, 26, 23, 22, 0, 14, 22, 6, 21],
[14, 5, 14, 17, 8, 14, 0, 22, 11, 9],
[9, 25, 19, 9, 23, 22, 22, 0, 26, 18],
[17, 15, 25, 24, 19, 6, 11, 26, 0, 20],
[13, 9, 5, 10, 5, 21, 9, 18, 20, 0]
   ],
//setup on machine: MAQ 2
[   [0, 18, 9, 18, 19, 23, 8, 21, 16, 18],
[18, 0, 12, 23, 1, 17, 12, 25, 17, 20],
[9, 12, 0, 13, 12, 14, 9, 16, 9, 12],
[18, 23, 13, 0, 23, 13, 22, 4, 6, 4],
[19, 1, 12, 23, 0, 16, 13, 25, 17, 20],
[23, 17, 14, 13, 16, 0, 22, 12, 8, 9],
[8, 12, 9, 22, 13, 22, 0, 25, 18, 21],
[21, 25, 16, 4, 25, 12, 25, 0, 8, 5],
[16, 17, 9, 6, 17, 8, 18, 8, 0, 3],
[18, 20, 12, 4, 20, 9, 21, 5, 3, 0]
   ],
//setup on machine: MAQ 3
[   [0, 25, 6, 27, 1, 9, 7, 22, 13, 27],
[25, 0, 21, 9, 24, 17, 19, 10, 16, 3],
[6, 21, 0, 21, 5, 4, 9, 16, 14, 22],
[27, 9, 21, 0, 26, 18, 23, 5, 22, 6],
[1, 24, 5, 26, 0, 9, 7, 21, 13, 26],
[9, 17, 4, 18, 9, 0, 9, 13, 13, 19],
[7, 19, 9, 23, 7, 9, 0, 19, 6, 22],
[22, 10, 16, 5, 21, 13, 19, 0, 19, 9],
[13, 16, 14, 22, 13, 13, 6, 19, 0, 19],
[27, 3, 22, 6, 26, 19, 22, 9, 19, 0]
   ],
//setup on machine: MAQ 4
[   [0, 19, 18, 9, 7, 6, 8, 4, 18, 14],
[19, 0, 24, 19, 13, 15, 13, 18, 2, 22],
[18, 24, 0, 27, 21, 14, 22, 14, 22, 4],
[9, 19, 27, 0, 7, 13, 7, 13, 18, 23],
[7, 13, 21, 7, 0, 7, 1, 9, 12, 18],
[6, 15, 14, 13, 7, 0, 8, 4, 13, 11],
[8, 13, 22, 7, 1, 8, 0, 9, 12, 18],
[4, 18, 14, 13, 9, 4, 9, 0, 17, 10],
[18, 2, 22, 18, 12, 13, 12, 17, 0, 20],
[14, 22, 4, 23, 18, 11, 18, 10, 20, 0]
   ],
//setup on machine: MAQ 5
[   [0, 29, 21, 6, 4, 3, 13, 13, 14, 22],
[29, 0, 13, 30, 25, 30, 25, 18, 21, 9],
[21, 13, 0, 19, 17, 21, 23, 15, 20, 4],
[6, 30, 19, 0, 6, 4, 19, 16, 19, 22],
[4, 25, 17, 6, 0, 5, 13, 10, 13, 18],
[3, 30, 21, 4, 5, 0, 16, 15, 17, 23],
[13, 25, 23, 19, 13, 16, 0, 8, 4, 22],
[13, 18, 15, 16, 10, 15, 8, 0, 5, 14],
[14, 21, 20, 19, 13, 17, 4, 5, 0, 18],
[22, 9, 4, 22, 18, 23, 22, 14, 18, 0]
   ],
//setup on machine: MAQ 6
[   [0, 25, 26, 14, 4, 19, 10, 22, 12, 15],
[25, 0, 3, 11, 22, 7, 19, 11, 13, 20],
[26, 3, 0, 12, 22, 7, 19, 14, 14, 19],
[14, 11, 12, 0, 11, 6, 11, 11, 2, 14],
[4, 22, 22, 11, 0, 15, 7, 20, 9, 12],
[19, 7, 7, 6, 15, 0, 12, 13, 7, 13],
[10, 19, 19, 11, 7, 12, 0, 21, 9, 5],
[22, 11, 14, 11, 20, 13, 21, 0, 12, 25],
[12, 13, 14, 2, 9, 7, 9, 12, 0, 13],
[15, 20, 19, 14, 12, 13, 5, 25, 13, 0]
   ],
//setup on machine: MAQ 7
[   [0, 21, 12, 16, 15, 26, 24, 17, 25, 24],
[21, 0, 11, 16, 7, 13, 22, 4, 5, 4],
[12, 11, 0, 7, 4, 14, 16, 9, 13, 13],
[16, 16, 7, 0, 9, 13, 9, 16, 16, 17],
[15, 7, 4, 9, 0, 12, 16, 7, 10, 9],
[26, 13, 14, 13, 12, 0, 13, 16, 9, 10],
[24, 22, 16, 9, 16, 13, 0, 23, 21, 21],
[17, 4, 9, 16, 7, 16, 23, 0, 9, 8],
[25, 5, 13, 16, 10, 9, 21, 9, 0, 1],
[24, 4, 13, 17, 9, 10, 21, 8, 1, 0]
   ],
//setup on machine: MAQ 8
[   [0, 6, 20, 8, 26, 20, 2, 20, 21, 26],
[6, 0, 15, 9, 20, 16, 6, 15, 15, 21],
[20, 15, 0, 23, 15, 23, 19, 3, 12, 22],
[8, 9, 23, 0, 24, 15, 9, 24, 20, 22],
[26, 20, 15, 24, 0, 14, 26, 18, 5, 9],
[20, 16, 23, 15, 14, 0, 21, 25, 12, 8],
[2, 6, 19, 9, 26, 21, 0, 18, 21, 27],
[20, 15, 3, 24, 18, 25, 18, 0, 15, 25],
[21, 15, 12, 20, 5, 12, 21, 15, 0, 10],
[26, 21, 22, 22, 9, 8, 27, 25, 10, 0]
   ],
//setup on machine: MAQ 9
[   [0, 13, 6, 11, 9, 13, 4, 14, 18, 7],
[13, 0, 7, 13, 19, 25, 16, 26, 24, 10],
[6, 7, 0, 10, 13, 18, 9, 19, 20, 5],
[11, 13, 10, 0, 10, 23, 15, 16, 11, 15],
[9, 19, 13, 10, 0, 15, 11, 7, 11, 16],
[13, 25, 18, 23, 15, 0, 9, 14, 26, 16],
[4, 16, 9, 15, 11, 9, 0, 15, 22, 7],
[14, 26, 19, 16, 7, 14, 15, 0, 13, 21],
[18, 24, 20, 11, 11, 26, 22, 13, 0, 25],
[7, 10, 5, 15, 16, 16, 7, 21, 25, 0]
   ],
//setup on machine: MAQ 10
[   [0, 11, 27, 28, 18, 23, 12, 7, 13, 2],
[11, 0, 24, 23, 21, 13, 3, 14, 10, 13],
[27, 24, 0, 6, 13, 20, 21, 22, 15, 27],
[28, 23, 6, 0, 18, 16, 20, 25, 16, 29],
[18, 21, 13, 18, 0, 24, 19, 11, 11, 17],
[23, 13, 20, 16, 24, 0, 11, 23, 14, 24],
[12, 3, 21, 20, 19, 11, 0, 14, 8, 14],
[7, 14, 22, 25, 11, 23, 14, 0, 10, 6],
[13, 10, 15, 16, 11, 14, 8, 10, 0, 13],
[2, 13, 27, 29, 17, 24, 14, 6, 13, 0]
   ]
];