nbJobs = 4;
nbMchs = 4;

OpDurations = [
[60, 19, 54, 35]
[25, 40, 75, 98]
[58, 88, 28, 52]
[43, 62, 74, 60]
];

setup = [

// INSTANCIA 04X04-4
//setup on machine: MAQ 1
[   [0, 9, 2, 13],
[9, 0, 11, 22],
[2, 11, 0, 11],
[13, 22, 11, 0]
   ],
//setup on machine: MAQ 2
[   [0, 4, 4, 11],
[4, 0, 8, 9],
[4, 8, 0, 12],
[11, 9, 12, 0]
   ],
//setup on machine: MAQ 3
[   [0, 8, 16, 23],
[8, 0, 17, 29],
[16, 17, 0, 17],
[23, 29, 17, 0]
   ],
//setup on machine: MAQ 4
[   [0, 3, 9, 3],
[3, 0, 7, 1],
[9, 7, 0, 8],
[3, 1, 8, 0]
   ]
];