// INSTANCIA FGSSP 20x20-04
nbJobs = 20;
nbMchs = 20;

OpDurations = [
[64, 66, 30, 87, 4, 80, 33, 22, 74, 63, 51, 52, 82, 70, 53, 23, 4, 80, 54, 37]
[64, 95, 16, 9, 15, 26, 68, 89, 1, 52, 16, 61, 8, 94, 69, 87, 86, 78, 47, 96]
[21, 6, 66, 95, 80, 20, 60, 45, 8, 67, 88, 72, 96, 3, 68, 21, 59, 85, 43, 83]
[20, 68, 13, 75, 90, 91, 66, 88, 60, 61, 98, 41, 77, 9, 99, 13, 4, 56, 2, 43]
[24, 3, 96, 76, 72, 76, 26, 80, 11, 68, 66, 83, 15, 50, 90, 12, 68, 5, 18, 71]
[57, 94, 3, 22, 77, 24, 60, 77, 40, 63, 63, 96, 39, 8, 32, 93, 16, 74, 14, 70]
[48, 16, 41, 98, 9, 70, 92, 26, 67, 12, 15, 38, 4, 95, 60, 11, 94, 91, 23, 73]
[2, 88, 7, 83, 13, 94, 45, 47, 70, 98, 39, 65, 43, 5, 64, 65, 93, 69, 50, 38]
[10, 55, 91, 79, 45, 35, 15, 57, 2, 54, 97, 33, 94, 80, 10, 68, 15, 36, 62, 63]
[32, 78, 88, 90, 64, 56, 18, 38, 66, 58, 91, 19, 6, 84, 76, 71, 41, 27, 33, 93]
[62, 26, 34, 27, 35, 11, 99, 38, 40, 37, 41, 41, 64, 21, 67, 46, 23, 96, 84, 87]
[20, 59, 10, 15, 86, 82, 52, 62, 71, 73, 2, 97, 42, 15, 31, 81, 3, 62, 51, 24]
[38, 10, 73, 60, 5, 37, 59, 61, 46, 67, 50, 12, 21, 64, 53, 23, 98, 8, 73, 80]
[87, 48, 96, 3, 49, 63, 16, 50, 66, 17, 11, 45, 96, 91, 98, 75, 38, 69, 45, 86]
[95, 7, 24, 69, 19, 63, 11, 78, 72, 36, 28, 85, 14, 83, 74, 26, 40, 41, 12, 82]
[60, 49, 12, 77, 34, 94, 84, 60, 56, 48, 50, 71, 38, 79, 57, 20, 81, 53, 80, 37]
[4, 87, 5, 65, 8, 34, 2, 23, 38, 61, 85, 53, 96, 46, 77, 29, 73, 91, 88, 35]
[74, 38, 24, 55, 83, 68, 40, 90, 51, 9, 2, 79, 3, 41, 79, 84, 45, 6, 38, 63]
[54, 3, 14, 35, 89, 60, 26, 48, 51, 75, 74, 96, 81, 34, 25, 41, 94, 87, 30, 11]
[68, 68, 98, 76, 30, 54, 23, 47, 2, 31, 78, 46, 12, 66, 66, 83, 61, 61, 5, 37]
];

setup = [
//setup on machine: MAQ 0
[   [0, 17, 9, 12, 25, 6, 18, 22, 20, 12, 1, 2, 9, 4, 20, 21, 4, 17, 28, 4],
[17, 0, 15, 6, 11, 18, 19, 10, 17, 11, 17, 15, 9, 17, 4, 9, 19, 23, 16, 15],
[9, 15, 0, 13, 18, 5, 9, 15, 11, 4, 10, 8, 11, 6, 19, 15, 9, 10, 20, 11],
[12, 6, 13, 0, 17, 15, 20, 15, 19, 11, 12, 10, 3, 13, 9, 14, 15, 23, 21, 9],
[25, 11, 18, 17, 0, 23, 17, 3, 13, 14, 25, 23, 19, 23, 12, 4, 26, 23, 5, 24],
[6, 18, 5, 15, 23, 0, 13, 20, 15, 9, 7, 6, 13, 2, 22, 20, 4, 11, 25, 9],
[18, 19, 9, 20, 17, 13, 0, 14, 4, 9, 19, 17, 19, 14, 23, 15, 17, 6, 16, 20],
[22, 10, 15, 15, 3, 20, 14, 0, 11, 11, 23, 20, 17, 20, 12, 1, 23, 20, 6, 21],
[20, 17, 11, 19, 13, 15, 4, 11, 0, 9, 21, 18, 19, 17, 21, 11, 19, 10, 12, 21],
[12, 11, 4, 11, 14, 9, 9, 11, 9, 0, 13, 10, 10, 9, 15, 11, 12, 12, 16, 12],
[1, 17, 10, 12, 25, 7, 19, 23, 21, 13, 0, 3, 9, 5, 21, 22, 4, 18, 28, 3],
[2, 15, 8, 10, 23, 6, 17, 20, 18, 10, 3, 0, 7, 4, 18, 19, 5, 17, 26, 3],
[9, 9, 11, 3, 19, 13, 19, 17, 19, 10, 9, 7, 0, 11, 12, 16, 12, 21, 23, 6],
[4, 17, 6, 13, 23, 2, 14, 20, 17, 9, 5, 4, 11, 0, 21, 20, 3, 13, 25, 7],
[20, 4, 19, 9, 12, 22, 23, 12, 21, 15, 21, 18, 12, 21, 0, 11, 23, 27, 17, 18],
[21, 9, 15, 14, 4, 20, 15, 1, 11, 11, 22, 19, 16, 20, 11, 0, 22, 20, 7, 21],
[4, 19, 9, 15, 26, 4, 17, 23, 19, 12, 4, 5, 12, 3, 23, 22, 0, 15, 28, 7],
[17, 23, 10, 23, 23, 11, 6, 20, 10, 12, 18, 17, 21, 13, 27, 20, 15, 0, 22, 20],
[28, 16, 20, 21, 5, 25, 16, 6, 12, 16, 28, 26, 23, 25, 17, 7, 28, 22, 0, 27],
[4, 15, 11, 9, 24, 9, 20, 21, 21, 12, 3, 3, 6, 7, 18, 21, 7, 20, 27, 0]
   ],
//setup on machine: MAQ 1
[   [0, 13, 18, 18, 5, 6, 17, 18, 17, 12, 16, 7, 8, 12, 15, 16, 2, 14, 14, 9],
[13, 0, 19, 22, 9, 15, 21, 20, 16, 13, 7, 17, 7, 22, 21, 5, 11, 11, 20, 19],
[18, 19, 0, 4, 15, 13, 4, 1, 4, 7, 14, 13, 14, 14, 7, 16, 18, 9, 8, 14],
[18, 22, 4, 0, 16, 12, 1, 3, 8, 9, 18, 12, 16, 11, 4, 19, 19, 12, 5, 12],
[5, 9, 15, 16, 0, 6, 15, 15, 13, 8, 11, 8, 3, 13, 13, 11, 4, 9, 13, 10],
[6, 15, 13, 12, 6, 0, 11, 13, 13, 8, 16, 2, 8, 7, 9, 16, 7, 11, 8, 4],
[17, 21, 4, 1, 15, 11, 0, 4, 8, 8, 17, 11, 15, 10, 3, 19, 18, 11, 4, 11],
[18, 20, 1, 3, 15, 13, 4, 0, 5, 7, 15, 13, 14, 13, 6, 17, 19, 9, 7, 14],
[17, 16, 4, 8, 13, 13, 8, 5, 0, 5, 10, 14, 11, 16, 10, 12, 17, 5, 10, 15],
[12, 13, 7, 9, 8, 8, 8, 7, 5, 0, 10, 9, 7, 12, 8, 11, 12, 4, 8, 11],
[16, 7, 14, 18, 11, 16, 17, 15, 10, 10, 0, 17, 8, 22, 18, 2, 15, 6, 18, 19],
[7, 17, 13, 12, 8, 2, 11, 13, 14, 9, 17, 0, 10, 5, 8, 18, 9, 13, 7, 2],
[8, 7, 14, 16, 3, 8, 15, 14, 11, 7, 8, 10, 0, 15, 14, 8, 7, 7, 13, 12],
[12, 22, 14, 11, 13, 7, 10, 13, 16, 12, 22, 5, 15, 0, 7, 22, 14, 16, 6, 4],
[15, 21, 7, 4, 13, 9, 3, 6, 10, 8, 18, 8, 14, 7, 0, 19, 16, 12, 1, 8],
[16, 5, 16, 19, 11, 16, 19, 17, 12, 11, 2, 18, 8, 22, 19, 0, 14, 8, 19, 20],
[2, 11, 18, 19, 4, 7, 18, 19, 17, 12, 15, 9, 7, 14, 16, 14, 0, 13, 15, 10],
[14, 11, 9, 12, 9, 11, 11, 9, 5, 4, 6, 13, 7, 16, 12, 8, 13, 0, 12, 14],
[14, 20, 8, 5, 13, 8, 4, 7, 10, 8, 18, 7, 13, 6, 1, 19, 15, 12, 0, 7],
[9, 19, 14, 12, 10, 4, 11, 14, 15, 11, 19, 2, 12, 4, 8, 20, 10, 14, 7, 0]
   ],
//setup on machine: MAQ 2
[   [0, 18, 15, 22, 12, 15, 12, 26, 19, 10, 19, 8, 8, 23, 15, 18, 22, 14, 23, 14],
[18, 0, 21, 12, 19, 9, 11, 15, 13, 20, 24, 13, 22, 13, 6, 5, 10, 21, 10, 22],
[15, 21, 0, 15, 3, 24, 22, 19, 12, 5, 4, 9, 10, 15, 23, 24, 17, 1, 18, 2],
[22, 12, 15, 0, 16, 21, 21, 4, 3, 17, 16, 14, 22, 1, 18, 17, 3, 16, 4, 17],
[12, 19, 3, 16, 0, 22, 20, 20, 13, 2, 7, 7, 7, 16, 21, 22, 17, 2, 18, 3],
[15, 9, 24, 21, 22, 0, 3, 24, 20, 21, 28, 15, 21, 22, 3, 6, 19, 24, 19, 25],
[12, 11, 22, 21, 20, 3, 0, 25, 20, 19, 26, 13, 19, 22, 5, 8, 20, 22, 20, 23],
[26, 15, 19, 4, 20, 24, 25, 0, 7, 21, 19, 18, 26, 4, 21, 20, 5, 20, 5, 21],
[19, 13, 12, 3, 13, 20, 20, 7, 0, 14, 13, 11, 19, 4, 17, 17, 5, 13, 6, 14],
[10, 20, 5, 17, 2, 21, 19, 21, 14, 0, 9, 7, 5, 18, 20, 22, 19, 4, 20, 4],
[19, 24, 4, 16, 7, 28, 26, 19, 13, 9, 0, 13, 13, 16, 26, 28, 18, 5, 19, 5],
[8, 13, 9, 14, 7, 15, 13, 18, 11, 7, 13, 0, 9, 15, 14, 16, 14, 9, 15, 10],
[8, 22, 10, 22, 7, 21, 19, 26, 19, 5, 13, 9, 0, 22, 21, 24, 23, 9, 24, 8],
[23, 13, 15, 1, 16, 22, 22, 4, 4, 18, 16, 15, 22, 0, 19, 18, 4, 16, 4, 17],
[15, 6, 23, 18, 21, 3, 5, 21, 17, 20, 26, 14, 21, 19, 0, 3, 16, 23, 16, 23],
[18, 5, 24, 17, 22, 6, 8, 20, 17, 22, 28, 16, 24, 18, 3, 0, 15, 24, 15, 25],
[22, 10, 17, 3, 17, 19, 20, 5, 5, 19, 18, 14, 23, 4, 16, 15, 0, 18, 1, 19],
[14, 21, 1, 16, 2, 24, 22, 20, 13, 4, 5, 9, 9, 16, 23, 24, 18, 0, 19, 1],
[23, 10, 18, 4, 18, 19, 20, 5, 6, 20, 19, 15, 24, 4, 16, 15, 1, 19, 0, 20],
[14, 22, 2, 17, 3, 25, 23, 21, 14, 4, 5, 10, 8, 17, 23, 25, 19, 1, 20, 0]
   ],
//setup on machine: MAQ 3
[   [0, 4, 8, 17, 17, 16, 5, 17, 9, 6, 4, 5, 7, 24, 15, 15, 2, 23, 5, 16],
[4, 0, 4, 17, 13, 17, 2, 15, 6, 6, 6, 4, 7, 21, 13, 14, 2, 19, 1, 12],
[8, 4, 0, 15, 11, 15, 5, 11, 6, 10, 7, 4, 11, 17, 9, 11, 6, 15, 4, 11],
[17, 17, 15, 0, 23, 4, 19, 9, 21, 23, 13, 13, 24, 17, 9, 4, 17, 20, 17, 24],
[17, 13, 11, 23, 0, 25, 12, 15, 8, 16, 18, 15, 16, 15, 14, 19, 15, 11, 12, 2],
[16, 17, 15, 4, 25, 0, 19, 12, 21, 22, 12, 13, 23, 21, 12, 6, 16, 23, 17, 25],
[5, 2, 5, 19, 12, 19, 0, 16, 4, 5, 8, 6, 6, 22, 14, 16, 4, 19, 2, 11],
[17, 15, 11, 9, 15, 12, 16, 0, 16, 21, 14, 12, 22, 9, 2, 6, 16, 11, 14, 17],
[9, 6, 6, 21, 8, 21, 4, 16, 0, 8, 11, 9, 8, 20, 14, 17, 8, 17, 5, 7],
[6, 6, 10, 23, 16, 22, 5, 21, 8, 0, 10, 10, 1, 27, 19, 20, 6, 24, 7, 14],
[4, 6, 7, 13, 18, 12, 8, 14, 11, 10, 0, 3, 11, 22, 12, 11, 4, 22, 6, 17],
[5, 4, 4, 13, 15, 13, 6, 12, 9, 10, 3, 0, 11, 20, 10, 10, 4, 19, 4, 15],
[7, 7, 11, 24, 16, 23, 6, 22, 8, 1, 11, 11, 0, 28, 20, 21, 7, 25, 8, 15],
[24, 21, 17, 17, 15, 21, 22, 9, 20, 27, 22, 20, 28, 0, 10, 15, 23, 5, 21, 17],
[15, 13, 9, 9, 14, 12, 14, 2, 14, 19, 12, 10, 20, 10, 0, 6, 14, 11, 12, 15],
[15, 14, 11, 4, 19, 6, 16, 6, 17, 20, 11, 10, 21, 15, 6, 0, 14, 17, 14, 20],
[2, 2, 6, 17, 15, 16, 4, 16, 8, 6, 4, 4, 7, 23, 14, 14, 0, 21, 3, 14],
[23, 19, 15, 20, 11, 23, 19, 11, 17, 24, 22, 19, 25, 5, 11, 17, 21, 0, 18, 13],
[5, 1, 4, 17, 12, 17, 2, 14, 5, 7, 6, 4, 8, 21, 12, 14, 3, 18, 0, 11],
[16, 12, 11, 24, 2, 25, 11, 17, 7, 14, 17, 15, 15, 17, 15, 20, 14, 13, 11, 0]
   ],
//setup on machine: MAQ 4
[   [0, 12, 12, 23, 20, 25, 2, 17, 21, 18, 5, 10, 17, 11, 21, 17, 19, 10, 11, 15],
[12, 0, 10, 11, 8, 13, 10, 13, 10, 10, 9, 4, 6, 10, 10, 11, 10, 6, 13, 9],
[12, 10, 0, 18, 15, 20, 12, 5, 19, 8, 7, 13, 16, 18, 14, 6, 9, 14, 20, 18],
[23, 11, 18, 0, 3, 2, 21, 18, 5, 12, 20, 13, 7, 18, 5, 15, 11, 15, 21, 13],
[20, 8, 15, 3, 0, 5, 18, 16, 5, 10, 17, 11, 5, 16, 4, 13, 9, 12, 19, 11],
[25, 13, 20, 2, 5, 0, 23, 20, 5, 14, 22, 15, 8, 19, 7, 17, 13, 16, 22, 14],
[2, 10, 12, 21, 18, 23, 0, 17, 19, 17, 5, 8, 15, 9, 20, 16, 18, 8, 10, 13],
[17, 13, 5, 18, 16, 20, 17, 0, 20, 6, 12, 17, 18, 22, 13, 3, 7, 18, 25, 22],
[21, 10, 19, 5, 5, 5, 19, 20, 0, 15, 19, 11, 4, 14, 9, 17, 14, 12, 17, 9],
[18, 10, 8, 12, 10, 14, 17, 6, 15, 0, 14, 14, 13, 20, 7, 3, 1, 16, 23, 18],
[5, 9, 7, 20, 17, 22, 5, 12, 19, 14, 0, 9, 15, 13, 17, 12, 14, 10, 14, 15],
[10, 4, 13, 13, 11, 15, 8, 17, 11, 14, 9, 0, 7, 6, 13, 15, 14, 2, 9, 6],
[17, 6, 16, 7, 5, 8, 15, 18, 4, 13, 15, 7, 0, 11, 9, 15, 13, 8, 14, 6],
[11, 10, 18, 18, 16, 19, 9, 22, 14, 20, 13, 6, 11, 0, 19, 20, 20, 4, 3, 6],
[21, 10, 14, 5, 4, 7, 20, 13, 9, 7, 17, 13, 9, 19, 0, 10, 6, 15, 22, 15],
[17, 11, 6, 15, 13, 17, 16, 3, 17, 3, 12, 15, 15, 20, 10, 0, 4, 16, 23, 19],
[19, 10, 9, 11, 9, 13, 18, 7, 14, 1, 14, 14, 13, 20, 6, 4, 0, 16, 23, 18],
[10, 6, 14, 15, 12, 16, 8, 18, 12, 16, 10, 2, 8, 4, 15, 16, 16, 0, 7, 5],
[11, 13, 20, 21, 19, 22, 10, 25, 17, 23, 14, 9, 14, 3, 22, 23, 23, 7, 0, 8],
[15, 9, 18, 13, 11, 14, 13, 22, 9, 18, 15, 6, 6, 6, 15, 19, 18, 5, 8, 0]
   ],
//setup on machine: MAQ 5
[   [0, 16, 14, 23, 23, 17, 18, 21, 25, 19, 20, 24, 21, 3, 18, 19, 27, 10, 16, 20],
[16, 0, 18, 15, 9, 21, 2, 20, 19, 9, 4, 12, 8, 14, 23, 22, 20, 7, 1, 18],
[14, 18, 0, 13, 18, 3, 19, 7, 12, 12, 20, 16, 16, 15, 5, 5, 14, 12, 17, 6],
[23, 15, 13, 0, 8, 14, 14, 9, 5, 6, 14, 4, 8, 22, 17, 15, 5, 15, 14, 8],
[23, 9, 18, 8, 0, 20, 8, 17, 13, 6, 7, 4, 2, 21, 23, 21, 13, 13, 9, 15],
[17, 21, 3, 14, 20, 0, 21, 6, 12, 14, 22, 17, 18, 18, 3, 2, 14, 15, 20, 6],
[18, 2, 19, 14, 8, 21, 0, 20, 19, 9, 2, 11, 7, 16, 24, 23, 19, 9, 2, 18],
[21, 20, 7, 9, 17, 6, 20, 0, 6, 12, 21, 13, 16, 22, 8, 6, 8, 16, 19, 2],
[25, 19, 12, 5, 13, 12, 19, 6, 0, 10, 19, 9, 13, 25, 14, 12, 2, 18, 18, 6],
[19, 9, 12, 6, 6, 14, 9, 12, 10, 0, 9, 5, 4, 17, 17, 16, 11, 9, 8, 10],
[20, 4, 20, 14, 7, 22, 2, 21, 19, 9, 0, 10, 6, 18, 25, 24, 19, 11, 4, 19],
[24, 12, 16, 4, 4, 17, 11, 13, 9, 5, 10, 0, 4, 22, 20, 19, 9, 14, 11, 12],
[21, 8, 16, 8, 2, 18, 7, 16, 13, 4, 6, 4, 0, 19, 21, 20, 13, 11, 7, 14],
[3, 14, 15, 22, 21, 18, 16, 22, 25, 17, 18, 22, 19, 0, 19, 20, 26, 8, 14, 20],
[18, 23, 5, 17, 23, 3, 24, 8, 14, 17, 25, 20, 21, 19, 0, 2, 16, 17, 22, 9],
[19, 22, 5, 15, 21, 2, 23, 6, 12, 16, 24, 19, 20, 20, 2, 0, 14, 17, 22, 7],
[27, 20, 14, 5, 13, 14, 19, 8, 2, 11, 19, 9, 13, 26, 16, 14, 0, 19, 19, 8],
[10, 7, 12, 15, 13, 15, 9, 16, 18, 9, 11, 14, 11, 8, 17, 17, 19, 0, 7, 15],
[16, 1, 17, 14, 9, 20, 2, 19, 18, 8, 4, 11, 7, 14, 22, 22, 19, 7, 0, 17],
[20, 18, 6, 8, 15, 6, 18, 2, 6, 10, 19, 12, 14, 20, 9, 7, 8, 15, 17, 0]
   ],
//setup on machine: MAQ 6
[   [0, 16, 16, 7, 17, 27, 20, 16, 17, 14, 23, 11, 14, 18, 2, 16, 26, 24, 8, 25],
[16, 0, 1, 13, 13, 22, 9, 1, 15, 15, 8, 7, 20, 17, 16, 13, 18, 18, 9, 15],
[16, 1, 0, 14, 14, 23, 10, 1, 16, 16, 8, 8, 21, 18, 16, 14, 19, 19, 9, 16],
[7, 13, 14, 0, 10, 20, 15, 14, 10, 7, 20, 7, 8, 11, 9, 9, 19, 17, 10, 18],
[17, 13, 14, 10, 0, 11, 8, 13, 2, 4, 15, 8, 11, 4, 19, 1, 9, 7, 16, 9],
[27, 22, 23, 20, 11, 0, 13, 22, 10, 13, 20, 18, 17, 10, 29, 11, 4, 4, 27, 8],
[20, 9, 10, 15, 8, 13, 0, 9, 10, 12, 8, 9, 18, 12, 22, 9, 9, 10, 17, 6],
[16, 1, 1, 14, 13, 22, 9, 0, 15, 15, 7, 8, 21, 17, 17, 13, 18, 18, 10, 15],
[17, 15, 16, 10, 2, 10, 10, 15, 0, 3, 17, 9, 9, 2, 19, 2, 9, 7, 17, 10],
[14, 15, 16, 7, 4, 13, 12, 15, 3, 0, 18, 8, 7, 4, 16, 3, 12, 10, 16, 13],
[23, 8, 8, 20, 15, 20, 8, 7, 17, 18, 0, 13, 25, 19, 24, 16, 16, 17, 17, 12],
[11, 7, 8, 7, 8, 18, 9, 8, 9, 8, 13, 0, 13, 11, 13, 7, 16, 14, 9, 14],
[14, 20, 21, 8, 11, 17, 18, 21, 9, 7, 25, 13, 0, 8, 16, 10, 18, 15, 18, 19],
[18, 17, 18, 11, 4, 10, 12, 17, 2, 4, 19, 11, 8, 0, 20, 4, 10, 7, 19, 12],
[2, 16, 16, 9, 19, 29, 22, 17, 19, 16, 24, 13, 16, 20, 0, 18, 27, 26, 8, 26],
[16, 13, 14, 9, 1, 11, 9, 13, 2, 3, 16, 7, 10, 4, 18, 0, 10, 8, 16, 10],
[26, 18, 19, 19, 9, 4, 9, 18, 9, 12, 16, 16, 18, 10, 27, 10, 0, 3, 24, 4],
[24, 18, 19, 17, 7, 4, 10, 18, 7, 10, 17, 14, 15, 7, 26, 8, 3, 0, 23, 6],
[8, 9, 9, 10, 16, 27, 17, 10, 17, 16, 17, 9, 18, 19, 8, 16, 24, 23, 0, 22],
[25, 15, 16, 18, 9, 8, 6, 15, 10, 13, 12, 14, 19, 12, 26, 10, 4, 6, 22, 0]
   ],
//setup on machine: MAQ 7
[   [0, 18, 4, 26, 13, 24, 19, 20, 19, 19, 2, 9, 4, 8, 18, 11, 15, 6, 9, 12],
[18, 0, 22, 20, 21, 21, 6, 13, 2, 23, 20, 9, 14, 22, 18, 7, 28, 14, 25, 13],
[4, 22, 0, 29, 15, 27, 23, 24, 23, 21, 2, 13, 8, 9, 21, 15, 15, 9, 8, 15],
[26, 20, 29, 0, 16, 3, 14, 7, 18, 11, 27, 22, 24, 22, 8, 21, 22, 26, 25, 14],
[13, 21, 15, 16, 0, 13, 17, 13, 20, 6, 14, 16, 14, 7, 8, 16, 8, 16, 10, 8],
[24, 21, 27, 3, 13, 0, 15, 8, 19, 8, 25, 22, 23, 20, 6, 21, 19, 25, 23, 13],
[19, 6, 23, 14, 17, 15, 0, 7, 4, 18, 21, 11, 16, 21, 13, 9, 25, 16, 24, 10],
[20, 13, 24, 7, 13, 8, 7, 0, 11, 12, 22, 15, 18, 19, 6, 14, 21, 19, 22, 9],
[19, 2, 23, 18, 20, 19, 4, 11, 0, 21, 21, 10, 15, 22, 16, 8, 27, 15, 25, 12],
[19, 23, 21, 11, 6, 8, 18, 12, 21, 0, 20, 20, 20, 13, 6, 20, 11, 22, 16, 11],
[2, 20, 2, 27, 14, 25, 21, 22, 21, 20, 0, 11, 6, 8, 20, 13, 15, 7, 8, 13],
[9, 9, 13, 22, 16, 22, 11, 15, 10, 20, 11, 0, 5, 15, 16, 2, 21, 5, 17, 9],
[4, 14, 8, 24, 14, 23, 16, 18, 15, 20, 6, 5, 0, 11, 17, 7, 18, 2, 13, 10],
[8, 22, 9, 22, 7, 20, 21, 19, 22, 13, 8, 15, 11, 0, 15, 16, 7, 13, 3, 11],
[18, 18, 21, 8, 8, 6, 13, 6, 16, 6, 20, 16, 17, 15, 0, 16, 15, 19, 18, 8],
[11, 7, 15, 21, 16, 21, 9, 14, 8, 20, 13, 2, 7, 16, 16, 0, 22, 7, 19, 9],
[15, 28, 15, 22, 8, 19, 25, 21, 27, 11, 15, 21, 18, 7, 15, 22, 0, 20, 7, 15],
[6, 14, 9, 26, 16, 25, 16, 19, 15, 22, 7, 5, 2, 13, 19, 7, 20, 0, 14, 12],
[9, 25, 8, 25, 10, 23, 24, 22, 25, 16, 8, 17, 13, 3, 18, 19, 7, 14, 0, 14],
[12, 13, 15, 14, 8, 13, 10, 9, 12, 11, 13, 9, 10, 11, 8, 9, 15, 12, 14, 0]
   ],
//setup on machine: MAQ 8
[   [0, 24, 21, 24, 16, 18, 6, 21, 20, 27, 22, 16, 12, 27, 22, 15, 13, 16, 8, 15],
[24, 0, 11, 16, 13, 14, 18, 6, 8, 7, 11, 18, 17, 9, 7, 19, 12, 9, 16, 21],
[21, 11, 0, 5, 5, 4, 16, 16, 3, 8, 1, 9, 10, 7, 4, 10, 15, 15, 15, 12],
[24, 16, 5, 0, 9, 6, 19, 21, 8, 11, 5, 9, 12, 9, 9, 10, 20, 20, 19, 12],
[16, 13, 5, 9, 0, 3, 11, 15, 5, 12, 6, 6, 5, 11, 7, 7, 12, 13, 11, 9],
[18, 14, 4, 6, 3, 0, 13, 17, 6, 12, 5, 5, 6, 11, 8, 6, 15, 16, 14, 8],
[6, 18, 16, 19, 11, 13, 0, 16, 14, 21, 16, 11, 7, 21, 16, 11, 9, 12, 4, 11],
[21, 6, 16, 21, 15, 17, 16, 0, 13, 13, 16, 21, 18, 15, 12, 21, 8, 5, 13, 23],
[20, 8, 3, 8, 5, 6, 14, 13, 0, 7, 3, 10, 10, 7, 2, 11, 13, 12, 13, 13],
[27, 7, 8, 11, 12, 12, 21, 13, 7, 0, 7, 17, 17, 2, 5, 18, 17, 15, 19, 20],
[22, 11, 1, 5, 6, 5, 16, 16, 3, 7, 0, 10, 11, 6, 4, 11, 16, 15, 16, 13],
[16, 18, 9, 9, 6, 5, 11, 21, 10, 17, 10, 0, 4, 16, 12, 1, 16, 17, 13, 3],
[12, 17, 10, 12, 5, 6, 7, 18, 10, 17, 11, 4, 0, 16, 12, 4, 13, 14, 9, 5],
[27, 9, 7, 9, 11, 11, 21, 15, 7, 2, 6, 16, 16, 0, 5, 17, 18, 17, 20, 19],
[22, 7, 4, 9, 7, 8, 16, 12, 2, 5, 4, 12, 12, 5, 0, 13, 13, 12, 15, 15],
[15, 19, 10, 10, 7, 6, 11, 21, 11, 18, 11, 1, 4, 17, 13, 0, 17, 18, 13, 2],
[13, 12, 15, 20, 12, 15, 9, 8, 13, 17, 16, 16, 13, 18, 13, 17, 0, 3, 5, 17],
[16, 9, 15, 20, 13, 16, 12, 5, 12, 15, 15, 17, 14, 17, 12, 18, 3, 0, 8, 19],
[8, 16, 15, 19, 11, 14, 4, 13, 13, 19, 16, 13, 9, 20, 15, 13, 5, 8, 0, 14],
[15, 21, 12, 12, 9, 8, 11, 23, 13, 20, 13, 3, 5, 19, 15, 2, 17, 19, 14, 0]
   ],
//setup on machine: MAQ 9
[   [0, 8, 22, 25, 9, 5, 8, 20, 16, 10, 13, 11, 11, 1, 7, 4, 7, 7, 17, 22],
[8, 0, 19, 24, 8, 10, 10, 18, 15, 12, 17, 7, 6, 8, 4, 12, 15, 8, 17, 25],
[22, 19, 0, 7, 14, 19, 15, 3, 8, 13, 17, 12, 13, 22, 17, 25, 25, 16, 8, 15],
[25, 24, 7, 0, 17, 21, 17, 6, 9, 15, 16, 17, 18, 24, 21, 26, 26, 18, 8, 10],
[9, 8, 14, 17, 0, 6, 3, 12, 8, 4, 10, 4, 4, 8, 4, 11, 13, 2, 10, 17],
[5, 10, 19, 21, 6, 0, 4, 16, 12, 6, 8, 10, 10, 4, 7, 6, 7, 4, 13, 17],
[8, 10, 15, 17, 3, 4, 0, 12, 8, 2, 7, 7, 7, 7, 6, 10, 11, 2, 9, 15],
[20, 18, 3, 6, 12, 16, 12, 0, 5, 11, 14, 11, 12, 19, 15, 22, 23, 13, 5, 13],
[16, 15, 8, 9, 8, 12, 8, 5, 0, 6, 9, 9, 10, 15, 12, 17, 18, 9, 2, 11],
[10, 12, 13, 15, 4, 6, 2, 11, 6, 0, 6, 8, 8, 9, 8, 12, 12, 4, 7, 13],
[13, 17, 17, 16, 10, 8, 7, 14, 9, 6, 0, 14, 14, 12, 13, 12, 10, 9, 9, 10],
[11, 7, 12, 17, 4, 10, 7, 11, 9, 8, 14, 0, 1, 11, 5, 15, 17, 6, 11, 19],
[11, 6, 13, 18, 4, 10, 7, 12, 10, 8, 14, 1, 0, 10, 4, 14, 16, 6, 12, 20],
[1, 8, 22, 24, 8, 4, 7, 19, 15, 9, 12, 11, 10, 0, 6, 4, 7, 6, 16, 21],
[7, 4, 17, 21, 4, 7, 6, 15, 12, 8, 13, 5, 4, 6, 0, 10, 13, 4, 14, 21],
[4, 12, 25, 26, 11, 6, 10, 22, 17, 12, 12, 15, 14, 4, 10, 0, 4, 9, 19, 22],
[7, 15, 25, 26, 13, 7, 11, 23, 18, 12, 10, 17, 16, 7, 13, 4, 0, 11, 19, 20],
[7, 8, 16, 18, 2, 4, 2, 13, 9, 4, 9, 6, 6, 6, 4, 9, 11, 0, 11, 17],
[17, 17, 8, 8, 10, 13, 9, 5, 2, 7, 9, 11, 12, 16, 14, 19, 19, 11, 0, 9],
[22, 25, 15, 10, 17, 17, 15, 13, 11, 13, 10, 19, 20, 21, 21, 22, 20, 17, 9, 0]
   ],
//setup on machine: MAQ 10
[   [0, 17, 6, 21, 17, 3, 7, 24, 8, 27, 12, 12, 6, 21, 14, 14, 13, 11, 16, 24],
[17, 0, 20, 6, 17, 18, 20, 12, 17, 18, 11, 22, 14, 5, 18, 6, 4, 21, 16, 8],
[6, 20, 0, 23, 14, 3, 1, 24, 4, 25, 11, 6, 12, 25, 10, 18, 17, 5, 13, 28],
[21, 6, 23, 0, 16, 21, 22, 6, 19, 13, 12, 23, 19, 8, 18, 12, 9, 22, 15, 9],
[17, 17, 14, 16, 0, 15, 13, 13, 10, 12, 7, 10, 20, 22, 4, 20, 16, 10, 1, 24],
[3, 18, 3, 21, 15, 0, 4, 23, 5, 25, 10, 9, 9, 22, 11, 16, 14, 8, 14, 25],
[7, 20, 1, 22, 13, 4, 0, 23, 3, 24, 10, 5, 12, 24, 9, 18, 16, 4, 12, 27],
[24, 12, 24, 6, 13, 23, 23, 0, 20, 7, 13, 23, 23, 14, 17, 18, 14, 22, 13, 15],
[8, 17, 4, 19, 10, 5, 3, 20, 0, 21, 7, 5, 12, 22, 6, 17, 14, 4, 9, 25],
[27, 18, 25, 13, 12, 25, 24, 7, 21, 0, 15, 22, 28, 21, 16, 24, 20, 22, 12, 22],
[12, 11, 11, 12, 7, 10, 10, 13, 7, 15, 0, 11, 13, 16, 7, 13, 9, 10, 6, 19],
[12, 22, 6, 23, 10, 9, 5, 23, 5, 22, 11, 0, 17, 27, 6, 22, 19, 1, 10, 30],
[6, 14, 12, 19, 20, 9, 12, 23, 12, 28, 13, 17, 0, 17, 17, 9, 10, 16, 19, 20],
[21, 5, 25, 8, 22, 22, 24, 14, 22, 21, 16, 27, 17, 0, 23, 8, 8, 26, 21, 3],
[14, 18, 10, 18, 4, 11, 9, 17, 6, 16, 7, 6, 17, 23, 0, 20, 16, 6, 4, 26],
[14, 6, 18, 12, 20, 16, 18, 18, 17, 24, 13, 22, 9, 8, 20, 0, 4, 21, 19, 11],
[13, 4, 17, 9, 16, 14, 16, 14, 14, 20, 9, 19, 10, 8, 16, 4, 0, 18, 15, 11],
[11, 21, 5, 22, 10, 8, 4, 22, 4, 22, 10, 1, 16, 26, 6, 21, 18, 0, 10, 29],
[16, 16, 13, 15, 1, 14, 12, 13, 9, 12, 6, 10, 19, 21, 4, 19, 15, 10, 0, 23],
[24, 8, 28, 9, 24, 25, 27, 15, 25, 22, 19, 30, 20, 3, 26, 11, 11, 29, 23, 0]
   ],
//setup on machine: MAQ 11
[   [0, 2, 20, 14, 22, 13, 21, 9, 5, 10, 16, 16, 16, 8, 10, 17, 3, 11, 5, 10],
[2, 0, 18, 14, 20, 12, 19, 8, 3, 8, 14, 14, 14, 6, 10, 15, 5, 9, 6, 8],
[20, 18, 0, 26, 16, 20, 21, 19, 15, 11, 4, 15, 4, 12, 24, 3, 23, 12, 22, 15],
[14, 14, 26, 0, 17, 6, 12, 7, 16, 15, 22, 13, 22, 17, 4, 23, 14, 14, 9, 11],
[22, 20, 16, 17, 0, 12, 6, 14, 19, 13, 14, 6, 15, 17, 18, 14, 24, 11, 20, 12],
[13, 12, 20, 6, 12, 0, 8, 4, 13, 10, 16, 7, 17, 13, 7, 17, 14, 8, 9, 6],
[21, 19, 21, 12, 6, 8, 0, 12, 19, 14, 18, 6, 19, 18, 14, 18, 22, 12, 17, 11],
[9, 8, 19, 7, 14, 4, 12, 0, 9, 8, 15, 9, 16, 10, 5, 16, 10, 7, 6, 4],
[5, 3, 15, 16, 19, 13, 19, 9, 0, 6, 11, 14, 11, 3, 13, 12, 8, 8, 9, 8],
[10, 8, 11, 15, 13, 10, 14, 8, 6, 0, 7, 8, 8, 4, 13, 8, 13, 2, 11, 4],
[16, 14, 4, 22, 14, 16, 18, 15, 11, 7, 0, 12, 1, 8, 20, 1, 19, 8, 18, 11],
[16, 14, 15, 13, 6, 7, 6, 9, 14, 8, 12, 0, 13, 12, 13, 12, 18, 6, 14, 6],
[16, 14, 4, 22, 15, 17, 19, 16, 11, 8, 1, 13, 0, 8, 21, 1, 19, 9, 18, 12],
[8, 6, 12, 17, 17, 13, 18, 10, 3, 4, 8, 12, 8, 0, 14, 9, 11, 6, 11, 7],
[10, 10, 24, 4, 18, 7, 14, 5, 13, 13, 20, 13, 21, 14, 0, 21, 10, 12, 5, 9],
[17, 15, 3, 23, 14, 17, 18, 16, 12, 8, 1, 12, 1, 9, 21, 0, 20, 9, 19, 12],
[3, 5, 23, 14, 24, 14, 22, 10, 8, 13, 19, 18, 19, 11, 10, 20, 0, 14, 5, 12],
[11, 9, 12, 14, 11, 8, 12, 7, 8, 2, 8, 6, 9, 6, 12, 9, 14, 0, 11, 3],
[5, 6, 22, 9, 20, 9, 17, 6, 9, 11, 18, 14, 18, 11, 5, 19, 5, 11, 0, 9],
[10, 8, 15, 11, 12, 6, 11, 4, 8, 4, 11, 6, 12, 7, 9, 12, 12, 3, 9, 0]
   ],
//setup on machine: MAQ 12
[   [0, 17, 27, 6, 12, 14, 14, 17, 11, 16, 7, 16, 22, 10, 4, 1, 20, 6, 11, 22],
[17, 0, 20, 11, 10, 25, 21, 25, 20, 16, 12, 1, 13, 16, 20, 16, 3, 17, 6, 22],
[27, 20, 0, 24, 16, 23, 17, 19, 20, 11, 21, 20, 7, 17, 30, 26, 20, 22, 22, 10],
[6, 11, 24, 0, 8, 17, 15, 19, 13, 15, 4, 10, 18, 10, 9, 5, 14, 9, 5, 21],
[12, 10, 16, 8, 0, 15, 11, 15, 10, 7, 5, 9, 11, 6, 15, 11, 12, 9, 8, 14],
[14, 25, 23, 17, 15, 0, 6, 4, 5, 13, 14, 24, 22, 9, 16, 15, 27, 9, 21, 13],
[14, 21, 17, 15, 11, 6, 0, 4, 4, 7, 11, 20, 16, 5, 17, 14, 23, 8, 18, 8],
[17, 25, 19, 19, 15, 4, 4, 0, 6, 11, 15, 24, 20, 9, 19, 17, 27, 11, 22, 9],
[11, 20, 20, 13, 10, 5, 4, 6, 0, 9, 9, 19, 18, 4, 14, 11, 22, 5, 16, 12],
[16, 16, 11, 15, 7, 13, 7, 11, 9, 0, 11, 15, 9, 6, 20, 16, 17, 11, 15, 7],
[7, 12, 21, 4, 5, 14, 11, 15, 9, 11, 0, 11, 16, 6, 10, 6, 15, 6, 7, 17],
[16, 1, 20, 10, 9, 24, 20, 24, 19, 15, 11, 0, 13, 15, 19, 15, 4, 17, 5, 22],
[22, 13, 7, 18, 11, 22, 16, 20, 18, 9, 16, 13, 0, 14, 26, 22, 13, 19, 16, 13],
[10, 16, 17, 10, 6, 9, 5, 9, 4, 6, 6, 15, 14, 0, 14, 10, 18, 5, 13, 12],
[4, 20, 30, 9, 15, 16, 17, 19, 14, 20, 10, 19, 26, 14, 0, 4, 23, 9, 14, 25],
[1, 16, 26, 5, 11, 15, 14, 17, 11, 16, 6, 15, 22, 10, 4, 0, 19, 6, 10, 22],
[20, 3, 20, 14, 12, 27, 23, 27, 22, 17, 15, 4, 13, 18, 23, 19, 0, 20, 9, 24],
[6, 17, 22, 9, 9, 9, 8, 11, 5, 11, 6, 17, 19, 5, 9, 6, 20, 0, 13, 16],
[11, 6, 22, 5, 8, 21, 18, 22, 16, 15, 7, 5, 16, 13, 14, 10, 9, 13, 0, 22],
[22, 22, 10, 21, 14, 13, 8, 9, 12, 7, 17, 22, 13, 12, 25, 22, 24, 16, 22, 0]
   ],
//setup on machine: MAQ 13
[   [0, 12, 4, 21, 17, 5, 22, 7, 16, 3, 14, 17, 18, 16, 21, 2, 21, 14, 5, 8],
[12, 0, 14, 10, 5, 16, 11, 5, 12, 9, 13, 16, 9, 6, 15, 10, 9, 5, 12, 16],
[4, 14, 0, 22, 19, 7, 23, 9, 16, 6, 13, 15, 21, 17, 21, 6, 23, 15, 4, 11],
[21, 10, 22, 0, 5, 25, 2, 14, 11, 18, 14, 16, 13, 5, 10, 19, 7, 7, 19, 26],
[17, 5, 19, 5, 0, 21, 7, 10, 12, 14, 14, 16, 9, 4, 13, 15, 5, 5, 16, 21],
[5, 16, 7, 25, 21, 0, 26, 11, 21, 7, 19, 21, 20, 20, 26, 6, 24, 18, 10, 4],
[22, 11, 23, 2, 7, 26, 0, 15, 10, 19, 14, 15, 15, 6, 9, 20, 9, 8, 19, 27],
[7, 5, 9, 14, 10, 11, 15, 0, 13, 4, 12, 15, 12, 9, 17, 5, 14, 8, 8, 12],
[16, 12, 16, 11, 12, 21, 10, 13, 0, 15, 4, 5, 20, 8, 5, 16, 16, 7, 12, 24],
[3, 9, 6, 18, 14, 7, 19, 4, 15, 0, 14, 16, 15, 13, 20, 1, 18, 12, 6, 9],
[14, 13, 13, 14, 14, 19, 14, 12, 4, 14, 0, 3, 21, 11, 9, 14, 19, 9, 9, 22],
[17, 16, 15, 16, 16, 21, 15, 15, 5, 16, 3, 0, 24, 13, 8, 17, 21, 12, 12, 25],
[18, 9, 21, 13, 9, 20, 15, 12, 20, 15, 21, 24, 0, 12, 22, 16, 7, 13, 20, 19],
[16, 6, 17, 5, 4, 20, 6, 9, 8, 13, 11, 13, 12, 0, 10, 14, 8, 2, 14, 21],
[21, 15, 21, 10, 13, 26, 9, 17, 5, 20, 9, 8, 22, 10, 0, 21, 17, 10, 17, 29],
[2, 10, 6, 19, 15, 6, 20, 5, 16, 1, 14, 17, 16, 14, 21, 0, 19, 13, 6, 8],
[21, 9, 23, 7, 5, 24, 9, 14, 16, 18, 19, 21, 7, 8, 17, 19, 0, 10, 21, 24],
[14, 5, 15, 7, 5, 18, 8, 8, 7, 12, 9, 12, 13, 2, 10, 13, 10, 0, 12, 20],
[5, 12, 4, 19, 16, 10, 19, 8, 12, 6, 9, 12, 20, 14, 17, 6, 21, 12, 0, 13],
[8, 16, 11, 26, 21, 4, 27, 12, 24, 9, 22, 25, 19, 21, 29, 8, 24, 20, 13, 0]
   ],
//setup on machine: MAQ 14
[   [0, 8, 12, 7, 13, 9, 17, 12, 4, 14, 12, 5, 20, 20, 9, 22, 9, 20, 8, 4],
[8, 0, 4, 2, 6, 17, 19, 16, 9, 12, 17, 9, 15, 17, 2, 17, 13, 17, 6, 7],
[12, 4, 0, 5, 6, 21, 22, 20, 12, 14, 21, 13, 15, 19, 4, 17, 16, 18, 8, 11],
[7, 2, 5, 0, 8, 16, 21, 17, 7, 14, 17, 9, 17, 19, 4, 19, 13, 19, 4, 7],
[13, 6, 6, 8, 0, 21, 18, 17, 14, 9, 18, 11, 9, 13, 4, 11, 13, 12, 12, 10],
[9, 17, 21, 16, 21, 0, 17, 10, 11, 18, 8, 10, 26, 24, 18, 27, 11, 24, 17, 11],
[17, 19, 22, 21, 18, 17, 0, 7, 21, 9, 9, 12, 16, 10, 18, 16, 8, 11, 24, 14],
[12, 16, 20, 17, 17, 10, 7, 0, 16, 11, 2, 8, 19, 15, 16, 20, 4, 16, 20, 10],
[4, 9, 12, 7, 14, 11, 21, 16, 0, 17, 15, 9, 23, 23, 10, 24, 13, 23, 6, 7],
[14, 12, 14, 14, 9, 18, 9, 11, 17, 0, 13, 9, 9, 6, 11, 9, 8, 6, 18, 10],
[12, 17, 21, 17, 18, 8, 9, 2, 15, 13, 0, 8, 21, 17, 17, 22, 5, 18, 20, 10],
[5, 9, 13, 9, 11, 10, 12, 8, 9, 9, 8, 0, 17, 15, 9, 18, 4, 15, 12, 2],
[20, 15, 15, 17, 9, 26, 16, 19, 23, 9, 21, 17, 0, 7, 13, 2, 16, 6, 21, 17],
[20, 17, 19, 19, 13, 24, 10, 15, 23, 6, 17, 15, 7, 0, 16, 6, 13, 1, 23, 16],
[9, 2, 4, 4, 4, 18, 18, 16, 10, 11, 17, 9, 13, 16, 0, 15, 12, 15, 8, 7],
[22, 17, 17, 19, 11, 27, 16, 20, 24, 9, 22, 18, 2, 6, 15, 0, 17, 5, 23, 18],
[9, 13, 16, 13, 13, 11, 8, 4, 13, 8, 5, 4, 16, 13, 12, 17, 0, 13, 16, 6],
[20, 17, 18, 19, 12, 24, 11, 16, 23, 6, 18, 15, 6, 1, 15, 5, 13, 0, 23, 16],
[8, 6, 8, 4, 12, 17, 24, 20, 6, 18, 20, 12, 21, 23, 8, 23, 16, 23, 0, 10],
[4, 7, 11, 7, 10, 11, 14, 10, 7, 10, 10, 2, 17, 16, 7, 18, 6, 16, 10, 0]
   ],
//setup on machine: MAQ 15
[   [0, 19, 20, 16, 18, 18, 20, 21, 12, 9, 19, 23, 13, 23, 2, 23, 7, 17, 27, 26],
[19, 0, 9, 17, 4, 8, 7, 11, 21, 11, 20, 9, 18, 8, 19, 5, 21, 22, 19, 20],
[20, 9, 0, 11, 12, 2, 2, 2, 17, 15, 13, 3, 13, 4, 21, 13, 19, 16, 10, 11],
[16, 17, 11, 0, 19, 10, 12, 10, 7, 16, 3, 13, 4, 14, 18, 22, 12, 5, 12, 10],
[18, 4, 12, 19, 0, 11, 10, 14, 22, 9, 22, 13, 19, 11, 17, 5, 21, 24, 22, 23],
[18, 8, 2, 10, 11, 0, 2, 4, 15, 13, 12, 5, 11, 5, 19, 13, 17, 15, 12, 12],
[20, 7, 2, 12, 10, 2, 0, 4, 17, 14, 14, 4, 13, 3, 20, 11, 19, 17, 12, 13],
[21, 11, 2, 10, 14, 4, 4, 0, 16, 16, 11, 4, 12, 5, 22, 15, 19, 15, 8, 9],
[12, 21, 17, 7, 22, 15, 17, 16, 0, 16, 8, 20, 4, 20, 14, 26, 6, 5, 19, 17],
[9, 11, 15, 16, 9, 13, 14, 16, 16, 0, 19, 17, 14, 16, 8, 14, 13, 19, 24, 24],
[19, 20, 13, 3, 22, 12, 14, 11, 8, 19, 0, 15, 6, 16, 21, 25, 13, 4, 11, 9],
[23, 9, 3, 13, 13, 5, 4, 4, 20, 17, 15, 0, 16, 2, 24, 13, 22, 18, 10, 11],
[13, 18, 13, 4, 19, 11, 13, 12, 4, 14, 6, 16, 0, 16, 15, 23, 8, 5, 15, 14],
[23, 8, 4, 14, 11, 5, 3, 5, 20, 16, 16, 2, 16, 0, 23, 11, 22, 19, 12, 13],
[2, 19, 21, 18, 17, 19, 20, 22, 14, 8, 21, 24, 15, 23, 0, 22, 9, 19, 28, 28],
[23, 5, 13, 22, 5, 13, 11, 15, 26, 14, 25, 13, 23, 11, 22, 0, 26, 27, 23, 24],
[7, 21, 19, 12, 21, 17, 19, 19, 6, 13, 13, 22, 8, 22, 9, 26, 0, 11, 23, 22],
[17, 22, 16, 5, 24, 15, 17, 15, 5, 19, 4, 18, 5, 19, 19, 27, 11, 0, 15, 13],
[27, 19, 10, 12, 22, 12, 12, 8, 19, 24, 11, 10, 15, 12, 28, 23, 23, 15, 0, 2],
[26, 20, 11, 10, 23, 12, 13, 9, 17, 24, 9, 11, 14, 13, 28, 24, 22, 13, 2, 0]
   ],
//setup on machine: MAQ 16
[   [0, 21, 24, 20, 24, 14, 16, 24, 15, 8, 20, 11, 14, 4, 4, 17, 17, 19, 6, 5],
[21, 0, 8, 13, 15, 15, 8, 19, 17, 14, 17, 16, 10, 17, 20, 19, 6, 7, 23, 19],
[24, 8, 0, 8, 8, 13, 8, 12, 14, 17, 12, 15, 16, 20, 21, 15, 13, 15, 23, 20],
[20, 13, 8, 0, 4, 6, 7, 6, 6, 14, 4, 9, 17, 16, 16, 7, 16, 18, 17, 15],
[24, 15, 8, 4, 0, 10, 10, 4, 10, 18, 6, 13, 20, 20, 20, 10, 19, 21, 21, 19],
[14, 15, 13, 6, 10, 0, 7, 10, 2, 10, 6, 3, 15, 11, 10, 5, 16, 18, 12, 9],
[16, 8, 8, 7, 10, 7, 0, 13, 9, 9, 11, 8, 10, 12, 13, 12, 9, 11, 16, 12],
[24, 19, 12, 6, 4, 10, 13, 0, 9, 19, 4, 13, 23, 21, 20, 8, 22, 24, 21, 19],
[15, 17, 14, 6, 10, 2, 9, 9, 0, 12, 5, 4, 17, 12, 11, 3, 18, 20, 12, 10],
[8, 14, 17, 14, 18, 10, 9, 19, 12, 0, 16, 8, 7, 4, 7, 14, 10, 12, 10, 6],
[20, 17, 12, 4, 6, 6, 11, 4, 5, 16, 0, 9, 20, 17, 16, 4, 20, 22, 17, 15],
[11, 16, 15, 9, 13, 3, 8, 13, 4, 8, 9, 0, 14, 8, 7, 7, 16, 18, 9, 6],
[14, 10, 16, 17, 20, 15, 10, 23, 17, 7, 20, 14, 0, 10, 14, 20, 4, 5, 17, 13],
[4, 17, 20, 16, 20, 11, 12, 21, 12, 4, 17, 8, 10, 0, 4, 15, 14, 15, 7, 4],
[4, 20, 21, 16, 20, 10, 13, 20, 11, 7, 16, 7, 14, 4, 0, 13, 17, 19, 3, 1],
[17, 19, 15, 7, 10, 5, 12, 8, 3, 14, 4, 7, 20, 15, 13, 0, 21, 23, 13, 12],
[17, 6, 13, 16, 19, 16, 9, 22, 18, 10, 20, 16, 4, 14, 17, 21, 0, 2, 20, 16],
[19, 7, 15, 18, 21, 18, 11, 24, 20, 12, 22, 18, 5, 15, 19, 23, 2, 0, 22, 18],
[6, 23, 23, 17, 21, 12, 16, 21, 12, 10, 17, 9, 17, 7, 3, 13, 20, 22, 0, 4],
[5, 19, 20, 15, 19, 9, 12, 19, 10, 6, 15, 6, 13, 4, 1, 12, 16, 18, 4, 0]
   ],
//setup on machine: MAQ 17
[   [0, 16, 12, 2, 9, 17, 19, 10, 22, 9, 10, 14, 11, 18, 11, 20, 5, 14, 19, 19],
[16, 0, 21, 18, 15, 19, 4, 12, 13, 18, 8, 24, 23, 7, 20, 6, 15, 18, 11, 19],
[12, 21, 0, 12, 6, 9, 22, 21, 19, 3, 19, 3, 4, 19, 1, 22, 17, 6, 18, 11],
[2, 18, 12, 0, 10, 19, 21, 11, 24, 9, 12, 14, 11, 20, 11, 22, 6, 16, 21, 20],
[9, 15, 6, 10, 0, 9, 16, 16, 15, 4, 14, 9, 9, 13, 5, 16, 13, 6, 13, 10],
[17, 19, 9, 19, 9, 0, 19, 24, 12, 10, 21, 11, 13, 14, 9, 17, 22, 3, 12, 2],
[19, 4, 22, 21, 16, 19, 0, 16, 11, 20, 12, 25, 25, 5, 21, 3, 19, 18, 9, 18],
[10, 12, 21, 11, 16, 24, 16, 0, 24, 18, 4, 24, 21, 18, 20, 18, 5, 22, 21, 25],
[22, 13, 19, 24, 15, 12, 11, 24, 0, 19, 20, 22, 23, 6, 19, 8, 24, 13, 3, 10],
[9, 18, 3, 9, 4, 10, 20, 18, 19, 0, 16, 6, 5, 17, 2, 20, 14, 7, 17, 12],
[10, 8, 19, 12, 14, 21, 12, 4, 20, 16, 0, 22, 20, 14, 18, 14, 7, 19, 17, 21],
[14, 24, 3, 14, 9, 11, 25, 24, 22, 6, 22, 0, 4, 22, 4, 25, 19, 9, 21, 13],
[11, 23, 4, 11, 9, 13, 25, 21, 23, 5, 20, 4, 0, 22, 4, 25, 16, 10, 21, 15],
[18, 7, 19, 20, 13, 14, 5, 18, 6, 17, 14, 22, 22, 0, 18, 3, 19, 14, 4, 13],
[11, 20, 1, 11, 5, 9, 21, 20, 19, 2, 18, 4, 4, 18, 0, 21, 16, 6, 17, 11],
[20, 6, 22, 22, 16, 17, 3, 18, 8, 20, 14, 25, 25, 3, 21, 0, 20, 17, 6, 16],
[5, 15, 17, 6, 13, 22, 19, 5, 24, 14, 7, 19, 16, 19, 16, 20, 0, 19, 21, 23],
[14, 18, 6, 16, 6, 3, 18, 22, 13, 7, 19, 9, 10, 14, 6, 17, 19, 0, 12, 5],
[19, 11, 18, 21, 13, 12, 9, 21, 3, 17, 17, 21, 21, 4, 17, 6, 21, 12, 0, 10],
[19, 19, 11, 20, 10, 2, 18, 25, 10, 12, 21, 13, 15, 13, 11, 16, 23, 5, 10, 0]
   ],
//setup on machine: MAQ 18
[   [0, 9, 15, 7, 1, 10, 7, 3, 8, 9, 14, 13, 8, 10, 14, 14, 13, 12, 11, 9],
[9, 0, 20, 16, 10, 19, 6, 9, 17, 16, 23, 17, 14, 18, 16, 20, 19, 3, 19, 13],
[15, 20, 0, 14, 15, 21, 14, 18, 17, 6, 21, 3, 7, 22, 5, 2, 3, 23, 23, 7],
[7, 16, 14, 0, 6, 7, 13, 9, 3, 8, 8, 13, 9, 8, 16, 12, 11, 19, 9, 11],
[1, 10, 15, 6, 0, 9, 8, 4, 7, 9, 13, 13, 8, 10, 14, 14, 13, 13, 11, 9],
[10, 19, 21, 7, 9, 0, 17, 10, 4, 15, 5, 20, 15, 1, 22, 19, 18, 21, 2, 17],
[7, 6, 14, 13, 8, 17, 0, 8, 15, 10, 21, 11, 8, 17, 11, 14, 14, 9, 18, 7],
[3, 9, 18, 9, 4, 10, 8, 0, 9, 12, 14, 16, 11, 10, 17, 17, 16, 11, 11, 12],
[8, 17, 17, 3, 7, 4, 15, 9, 0, 11, 6, 16, 11, 5, 18, 15, 14, 20, 6, 14],
[9, 16, 6, 8, 9, 15, 10, 12, 11, 0, 16, 5, 2, 16, 8, 5, 4, 19, 17, 4],
[14, 23, 21, 8, 13, 5, 21, 14, 6, 16, 0, 21, 17, 6, 23, 19, 18, 25, 6, 19],
[13, 17, 3, 13, 13, 20, 11, 16, 16, 5, 21, 0, 5, 21, 3, 4, 4, 20, 22, 4],
[8, 14, 7, 9, 8, 15, 8, 11, 11, 2, 17, 5, 0, 16, 7, 6, 6, 17, 17, 3],
[10, 18, 22, 8, 10, 1, 17, 10, 5, 16, 6, 21, 16, 0, 23, 20, 19, 20, 1, 18],
[14, 16, 5, 16, 14, 22, 11, 17, 18, 8, 23, 3, 7, 23, 0, 7, 7, 19, 24, 5],
[14, 20, 2, 12, 14, 19, 14, 17, 15, 5, 19, 4, 6, 20, 7, 0, 1, 23, 21, 7],
[13, 19, 3, 11, 13, 18, 14, 16, 14, 4, 18, 4, 6, 19, 7, 1, 0, 22, 20, 7],
[12, 3, 23, 19, 13, 21, 9, 11, 20, 19, 25, 20, 17, 20, 19, 23, 22, 0, 21, 16],
[11, 19, 23, 9, 11, 2, 18, 11, 6, 17, 6, 22, 17, 1, 24, 21, 20, 21, 0, 19],
[9, 13, 7, 11, 9, 17, 7, 12, 14, 4, 19, 4, 3, 18, 5, 7, 7, 16, 19, 0]
   ],
//setup on machine: MAQ 19
[   [0, 13, 18, 16, 10, 20, 15, 21, 10, 8, 18, 12, 13, 4, 19, 10, 14, 4, 21, 2],
[13, 0, 12, 5, 3, 8, 20, 9, 6, 15, 8, 8, 10, 16, 6, 15, 6, 16, 13, 13],
[18, 12, 0, 17, 13, 10, 14, 9, 18, 15, 6, 6, 6, 18, 14, 12, 6, 22, 3, 17],
[16, 5, 17, 0, 7, 10, 25, 11, 6, 20, 12, 13, 15, 19, 6, 20, 11, 18, 17, 17],
[10, 3, 13, 7, 0, 11, 18, 11, 5, 13, 10, 7, 9, 13, 9, 13, 7, 13, 14, 10],
[20, 8, 10, 10, 11, 0, 23, 1, 14, 20, 4, 10, 12, 22, 5, 19, 7, 24, 9, 20],
[15, 20, 14, 25, 18, 23, 0, 22, 22, 7, 19, 13, 11, 11, 25, 5, 16, 17, 17, 13],
[21, 9, 9, 11, 11, 1, 22, 0, 15, 20, 4, 10, 12, 22, 6, 19, 7, 24, 8, 20],
[10, 6, 18, 6, 5, 14, 22, 15, 0, 16, 14, 12, 14, 14, 11, 17, 12, 12, 19, 11],
[8, 15, 15, 20, 13, 20, 7, 20, 16, 0, 17, 10, 9, 4, 21, 3, 13, 10, 17, 6],
[18, 8, 6, 12, 10, 4, 19, 4, 14, 17, 0, 7, 8, 19, 8, 15, 4, 22, 5, 18],
[12, 8, 6, 13, 7, 10, 13, 10, 12, 10, 7, 0, 2, 12, 12, 9, 3, 16, 9, 11],
[13, 10, 6, 15, 9, 12, 11, 12, 14, 9, 8, 2, 0, 12, 14, 7, 5, 16, 9, 11],
[4, 16, 18, 19, 13, 22, 11, 22, 14, 4, 19, 12, 12, 0, 22, 7, 15, 6, 21, 3],
[19, 6, 14, 6, 9, 5, 25, 6, 11, 21, 8, 12, 14, 22, 0, 20, 9, 22, 13, 19],
[10, 15, 12, 20, 13, 19, 5, 19, 17, 3, 15, 9, 7, 7, 20, 0, 12, 13, 15, 8],
[14, 6, 6, 11, 7, 7, 16, 7, 12, 13, 4, 3, 5, 15, 9, 12, 0, 18, 7, 14],
[4, 16, 22, 18, 13, 24, 17, 24, 12, 10, 22, 16, 16, 6, 22, 13, 18, 0, 24, 5],
[21, 13, 3, 17, 14, 9, 17, 8, 19, 17, 5, 9, 9, 21, 13, 15, 7, 24, 0, 20],
[2, 13, 17, 17, 10, 20, 13, 20, 11, 6, 18, 11, 11, 3, 19, 8, 14, 5, 20, 0]
   ]
];