// INSTANCIA FGSSP 20x20-08
nbJobs = 20;
nbMchs = 20;

OpDurations = [
[82, 12, 63, 54, 68, 20, 73, 1, 12, 70, 87, 8, 29, 69, 64, 67, 35, 42, 60, 78]
[33, 53, 45, 67, 12, 43, 15, 23, 49, 19, 60, 98, 39, 70, 92, 79, 87, 6, 77, 41]
[61, 31, 34, 30, 79, 91, 57, 50, 89, 38, 16, 46, 58, 12, 80, 6, 39, 51, 18, 42]
[87, 10, 48, 39, 60, 98, 54, 95, 29, 40, 27, 69, 67, 80, 46, 61, 51, 72, 25, 92]
[11, 55, 68, 37, 17, 29, 19, 18, 63, 58, 75, 12, 48, 67, 56, 67, 13, 86, 86, 34]
[50, 54, 18, 93, 87, 91, 95, 47, 33, 72, 73, 32, 46, 3, 41, 61, 80, 13, 25, 18]
[14, 28, 46, 13, 4, 82, 71, 53, 31, 77, 63, 99, 58, 90, 50, 57, 83, 21, 85, 72]
[34, 25, 86, 37, 16, 46, 80, 65, 40, 80, 90, 92, 12, 57, 64, 61, 97, 51, 36, 21]
[32, 82, 69, 23, 47, 57, 10, 43, 13, 61, 18, 56, 11, 88, 15, 91, 26, 45, 72, 90]
[40, 93, 81, 52, 5, 90, 40, 15, 45, 96, 34, 51, 36, 84, 52, 31, 30, 85, 18, 55]
[40, 7, 26, 48, 50, 63, 99, 66, 3, 13, 78, 81, 66, 52, 57, 20, 86, 78, 89, 47]
[84, 91, 53, 58, 89, 5, 95, 17, 81, 63, 21, 59, 54, 69, 33, 51, 33, 71, 81, 9]
[38, 2, 15, 38, 30, 73, 55, 53, 25, 38, 70, 99, 79, 55, 19, 69, 54, 97, 82, 3]
[54, 24, 71, 3, 18, 17, 55, 44, 28, 60, 79, 23, 55, 60, 85, 70, 75, 99, 23, 70]
[71, 91, 27, 45, 25, 1, 20, 34, 9, 27, 95, 46, 38, 12, 23, 16, 9, 58, 46, 41]
[10, 87, 39, 45, 60, 37, 89, 28, 22, 67, 99, 57, 18, 97, 37, 35, 37, 19, 46, 8]
[76, 92, 87, 56, 46, 31, 81, 67, 30, 33, 16, 55, 10, 25, 82, 56, 17, 53, 81, 23]
[96, 52, 23, 71, 17, 97, 52, 61, 9, 88, 4, 55, 79, 53, 55, 87, 66, 7, 18, 85]
[29, 6, 65, 4, 22, 78, 17, 89, 76, 13, 51, 9, 9, 96, 12, 88, 32, 48, 73, 9]
[38, 29, 37, 87, 90, 75, 38, 26, 73, 97, 23, 98, 23, 30, 55, 93, 13, 31, 3, 20]
];

setup = [
//setup on machine: MAQ 0
[   [0, 16, 12, 6, 3, 9, 9, 12, 13, 22, 17, 17, 24, 15, 23, 7, 16, 16, 3, 8],
[16, 0, 4, 21, 14, 7, 17, 13, 3, 8, 9, 11, 11, 7, 11, 11, 10, 5, 18, 15],
[12, 4, 0, 17, 10, 3, 13, 10, 1, 11, 8, 9, 13, 6, 13, 8, 9, 7, 14, 11],
[6, 21, 17, 0, 7, 15, 14, 18, 18, 28, 22, 22, 30, 21, 29, 11, 21, 20, 5, 13],
[3, 14, 10, 7, 0, 8, 12, 13, 11, 21, 16, 16, 23, 14, 22, 4, 16, 13, 6, 10],
[9, 7, 3, 15, 8, 0, 10, 8, 4, 13, 8, 9, 15, 6, 14, 7, 8, 10, 12, 8],
[9, 17, 13, 14, 12, 10, 0, 6, 14, 20, 13, 12, 21, 12, 20, 14, 11, 20, 9, 2],
[12, 13, 10, 18, 13, 8, 6, 0, 11, 14, 7, 6, 15, 7, 14, 14, 5, 17, 13, 5],
[13, 3, 1, 18, 11, 4, 14, 11, 0, 10, 8, 10, 13, 6, 13, 8, 9, 6, 15, 12],
[22, 8, 11, 28, 21, 13, 20, 14, 10, 0, 7, 9, 3, 8, 3, 18, 9, 13, 24, 18],
[17, 9, 8, 22, 16, 8, 13, 7, 8, 7, 0, 2, 8, 2, 7, 15, 2, 14, 18, 12],
[17, 11, 9, 22, 16, 9, 12, 6, 10, 9, 2, 0, 9, 4, 9, 16, 1, 16, 18, 11],
[24, 11, 13, 30, 23, 15, 21, 15, 13, 3, 8, 9, 0, 9, 1, 21, 10, 16, 26, 20],
[15, 7, 6, 21, 14, 6, 12, 7, 6, 8, 2, 4, 9, 0, 8, 13, 3, 12, 17, 11],
[23, 11, 13, 29, 22, 14, 20, 14, 13, 3, 7, 9, 1, 8, 0, 21, 9, 16, 25, 19],
[7, 11, 8, 11, 4, 7, 14, 14, 8, 18, 15, 16, 21, 13, 21, 0, 15, 9, 10, 12],
[16, 10, 9, 21, 16, 8, 11, 5, 9, 9, 2, 1, 10, 3, 9, 15, 0, 15, 17, 10],
[16, 5, 7, 20, 13, 10, 20, 17, 6, 13, 14, 16, 16, 12, 16, 9, 15, 0, 19, 18],
[3, 18, 14, 5, 6, 12, 9, 13, 15, 24, 18, 18, 26, 17, 25, 10, 17, 19, 0, 8],
[8, 15, 11, 13, 10, 8, 2, 5, 12, 18, 12, 11, 20, 11, 19, 12, 10, 18, 8, 0]
   ],
//setup on machine: MAQ 1
[   [0, 3, 4, 16, 18, 6, 12, 13, 12, 1, 23, 12, 21, 9, 14, 5, 24, 3, 8, 4],
[3, 0, 3, 16, 16, 8, 13, 10, 10, 3, 21, 9, 20, 11, 11, 4, 22, 6, 6, 6],
[4, 3, 0, 13, 16, 7, 10, 11, 9, 5, 20, 11, 17, 9, 12, 7, 20, 6, 9, 5],
[16, 16, 13, 0, 22, 13, 5, 20, 12, 17, 19, 22, 6, 12, 21, 20, 10, 15, 21, 13],
[18, 16, 16, 22, 0, 23, 23, 6, 10, 18, 10, 9, 23, 25, 5, 16, 21, 21, 14, 21],
[6, 8, 7, 13, 23, 0, 9, 18, 15, 7, 26, 17, 19, 3, 19, 11, 23, 3, 14, 2],
[12, 13, 10, 5, 23, 9, 0, 19, 13, 13, 22, 20, 11, 7, 20, 17, 15, 11, 19, 9],
[13, 10, 11, 20, 6, 18, 19, 0, 8, 13, 14, 4, 22, 20, 1, 10, 22, 16, 8, 16],
[12, 10, 9, 12, 10, 15, 13, 8, 0, 13, 11, 11, 14, 16, 9, 13, 14, 14, 13, 13],
[1, 3, 5, 17, 18, 7, 13, 13, 13, 0, 24, 11, 22, 10, 13, 4, 25, 4, 7, 5],
[23, 21, 20, 19, 10, 26, 22, 14, 11, 24, 0, 18, 17, 27, 14, 23, 14, 25, 22, 24],
[12, 9, 11, 22, 9, 17, 20, 4, 11, 11, 18, 0, 25, 20, 4, 8, 25, 15, 5, 15],
[21, 20, 17, 6, 23, 19, 11, 22, 14, 22, 17, 25, 0, 18, 23, 24, 5, 21, 25, 19],
[9, 11, 9, 12, 25, 3, 7, 20, 16, 10, 27, 20, 18, 0, 21, 14, 22, 6, 17, 5],
[14, 11, 12, 21, 5, 19, 20, 1, 9, 13, 14, 4, 23, 21, 0, 11, 23, 17, 9, 17],
[5, 4, 7, 20, 16, 11, 17, 10, 13, 4, 23, 8, 24, 14, 11, 0, 26, 8, 3, 9],
[24, 22, 20, 10, 21, 23, 15, 22, 14, 25, 14, 25, 5, 22, 23, 26, 0, 24, 27, 22],
[3, 6, 6, 15, 21, 3, 11, 16, 14, 4, 25, 15, 21, 6, 17, 8, 24, 0, 11, 2],
[8, 6, 9, 21, 14, 14, 19, 8, 13, 7, 22, 5, 25, 17, 9, 3, 27, 11, 0, 12],
[4, 6, 5, 13, 21, 2, 9, 16, 13, 5, 24, 15, 19, 5, 17, 9, 22, 2, 12, 0]
   ],
//setup on machine: MAQ 2
[   [0, 16, 22, 15, 17, 17, 8, 18, 2, 13, 17, 3, 16, 10, 7, 14, 13, 9, 7, 15],
[16, 0, 6, 9, 4, 10, 16, 11, 18, 17, 9, 19, 8, 15, 14, 10, 14, 8, 15, 16],
[22, 6, 0, 12, 6, 13, 22, 13, 24, 22, 11, 25, 11, 20, 19, 14, 18, 14, 20, 19],
[15, 9, 12, 0, 6, 18, 11, 18, 17, 21, 2, 17, 15, 19, 16, 16, 19, 7, 9, 7],
[17, 4, 6, 6, 0, 14, 16, 14, 19, 20, 5, 20, 11, 18, 16, 14, 17, 9, 14, 13],
[17, 10, 13, 18, 14, 0, 22, 1, 18, 10, 18, 20, 3, 10, 11, 3, 6, 13, 20, 24],
[8, 16, 22, 11, 16, 22, 0, 23, 9, 20, 13, 8, 19, 17, 14, 19, 20, 9, 2, 8],
[18, 11, 13, 18, 14, 1, 23, 0, 19, 11, 19, 21, 4, 11, 12, 4, 7, 14, 21, 25],
[2, 18, 24, 17, 19, 18, 9, 19, 0, 13, 19, 2, 17, 10, 8, 15, 14, 11, 9, 17],
[13, 17, 22, 21, 20, 10, 20, 11, 13, 0, 23, 15, 11, 3, 6, 8, 4, 14, 18, 25],
[17, 9, 11, 2, 5, 18, 13, 19, 19, 23, 0, 19, 16, 20, 18, 17, 21, 9, 11, 8],
[3, 19, 25, 17, 20, 20, 8, 21, 2, 15, 19, 0, 19, 12, 10, 17, 16, 11, 8, 16],
[16, 8, 11, 15, 11, 3, 19, 4, 17, 11, 16, 19, 0, 10, 10, 3, 7, 10, 17, 21],
[10, 15, 20, 19, 18, 10, 17, 11, 10, 3, 20, 12, 10, 0, 3, 7, 4, 12, 16, 22],
[7, 14, 19, 16, 16, 11, 14, 12, 8, 6, 18, 10, 10, 3, 0, 8, 6, 9, 13, 20],
[14, 10, 14, 16, 14, 3, 19, 4, 15, 8, 17, 17, 3, 7, 8, 0, 4, 11, 17, 22],
[13, 14, 18, 19, 17, 6, 20, 7, 14, 4, 21, 16, 7, 4, 6, 4, 0, 13, 18, 24],
[9, 8, 14, 7, 9, 13, 9, 14, 11, 14, 9, 11, 10, 12, 9, 11, 13, 0, 7, 11],
[7, 15, 20, 9, 14, 20, 2, 21, 9, 18, 11, 8, 17, 16, 13, 17, 18, 7, 0, 8],
[15, 16, 19, 7, 13, 24, 8, 25, 17, 25, 8, 16, 21, 22, 20, 22, 24, 11, 8, 0]
   ],
//setup on machine: MAQ 3
[   [0, 9, 22, 6, 13, 25, 13, 4, 2, 15, 13, 10, 16, 4, 27, 9, 24, 8, 20, 18],
[9, 0, 14, 7, 4, 16, 4, 6, 11, 10, 5, 9, 13, 11, 18, 9, 16, 7, 13, 11],
[22, 14, 0, 21, 10, 9, 13, 18, 23, 20, 9, 15, 12, 22, 6, 16, 2, 21, 3, 4],
[6, 7, 21, 0, 11, 21, 9, 6, 8, 9, 12, 13, 19, 10, 25, 12, 23, 2, 20, 18],
[13, 4, 10, 11, 0, 12, 4, 9, 14, 11, 2, 10, 12, 14, 14, 10, 12, 11, 9, 8],
[25, 16, 9, 21, 12, 0, 13, 21, 26, 16, 13, 21, 20, 26, 6, 22, 10, 21, 12, 12],
[13, 4, 13, 9, 4, 13, 0, 10, 14, 7, 6, 13, 16, 15, 16, 13, 15, 8, 13, 12],
[4, 6, 18, 6, 9, 21, 10, 0, 5, 14, 9, 7, 13, 5, 23, 6, 20, 8, 16, 14],
[2, 11, 23, 8, 14, 26, 14, 5, 0, 17, 14, 10, 16, 3, 28, 8, 25, 10, 21, 19],
[15, 10, 20, 9, 11, 16, 7, 14, 17, 0, 13, 19, 23, 19, 21, 19, 22, 8, 20, 19],
[13, 5, 9, 12, 2, 13, 6, 9, 14, 13, 0, 8, 10, 13, 14, 9, 11, 12, 8, 6],
[10, 9, 15, 13, 10, 21, 13, 7, 10, 19, 8, 0, 6, 8, 21, 2, 16, 15, 12, 11],
[16, 13, 12, 19, 12, 20, 16, 13, 16, 23, 10, 6, 0, 14, 18, 8, 13, 20, 9, 8],
[4, 11, 22, 10, 14, 26, 15, 5, 3, 19, 13, 8, 14, 0, 27, 6, 24, 12, 20, 18],
[27, 18, 6, 25, 14, 6, 16, 23, 28, 21, 14, 21, 18, 27, 0, 22, 5, 24, 9, 10],
[9, 9, 16, 12, 10, 22, 13, 6, 8, 19, 9, 2, 8, 6, 22, 0, 18, 14, 14, 12],
[24, 16, 2, 23, 12, 10, 15, 20, 25, 22, 11, 16, 13, 24, 5, 18, 0, 23, 4, 6],
[8, 7, 21, 2, 11, 21, 8, 8, 10, 8, 12, 15, 20, 12, 24, 14, 23, 0, 20, 18],
[20, 13, 3, 20, 9, 12, 13, 16, 21, 20, 8, 12, 9, 20, 9, 14, 4, 20, 0, 2],
[18, 11, 4, 18, 8, 12, 12, 14, 19, 19, 6, 11, 8, 18, 10, 12, 6, 18, 2, 0]
   ],
//setup on machine: MAQ 4
[   [0, 13, 14, 20, 15, 23, 12, 17, 1, 19, 21, 12, 23, 17, 23, 20, 17, 18, 5, 12],
[13, 0, 16, 8, 3, 17, 16, 17, 14, 6, 9, 4, 11, 13, 13, 9, 13, 11, 13, 15],
[14, 16, 0, 23, 18, 12, 3, 3, 15, 21, 24, 18, 19, 6, 15, 15, 7, 10, 9, 2],
[20, 8, 23, 0, 5, 22, 24, 25, 20, 3, 1, 8, 11, 20, 16, 12, 19, 17, 21, 23],
[15, 3, 18, 5, 0, 19, 19, 20, 15, 4, 6, 4, 11, 16, 14, 10, 15, 13, 16, 18],
[23, 17, 12, 22, 19, 0, 14, 9, 24, 19, 22, 21, 13, 6, 7, 10, 6, 6, 19, 14],
[12, 16, 3, 24, 19, 14, 0, 6, 13, 21, 24, 18, 21, 9, 17, 17, 9, 12, 7, 1],
[17, 17, 3, 25, 20, 9, 6, 0, 18, 22, 25, 20, 19, 5, 14, 15, 6, 9, 12, 5],
[1, 14, 15, 20, 15, 24, 13, 18, 0, 19, 21, 12, 24, 18, 23, 21, 18, 19, 6, 13],
[19, 6, 21, 3, 4, 19, 21, 22, 19, 0, 3, 8, 8, 17, 13, 9, 16, 14, 19, 21],
[21, 9, 24, 1, 6, 22, 24, 25, 21, 3, 0, 9, 10, 20, 16, 12, 19, 17, 22, 23],
[12, 4, 18, 8, 4, 21, 18, 20, 12, 8, 9, 0, 14, 16, 17, 13, 16, 15, 13, 17],
[23, 11, 19, 11, 11, 13, 21, 19, 24, 8, 10, 14, 0, 14, 6, 4, 13, 10, 22, 20],
[17, 13, 6, 20, 16, 6, 9, 5, 18, 17, 20, 16, 14, 0, 9, 10, 1, 4, 13, 8],
[23, 13, 15, 16, 14, 7, 17, 14, 23, 13, 16, 17, 6, 9, 0, 4, 8, 5, 20, 16],
[20, 9, 15, 12, 10, 10, 17, 15, 21, 9, 12, 13, 4, 10, 4, 0, 9, 6, 18, 16],
[17, 13, 7, 19, 15, 6, 9, 6, 18, 16, 19, 16, 13, 1, 8, 9, 0, 3, 13, 9],
[18, 11, 10, 17, 13, 6, 12, 9, 19, 14, 17, 15, 10, 4, 5, 6, 3, 0, 15, 11],
[5, 13, 9, 21, 16, 19, 7, 12, 6, 19, 22, 13, 22, 13, 20, 18, 13, 15, 0, 7],
[12, 15, 2, 23, 18, 14, 1, 5, 13, 21, 23, 17, 20, 8, 16, 16, 9, 11, 7, 0]
   ],
//setup on machine: MAQ 5
[   [0, 17, 26, 24, 8, 15, 23, 24, 11, 18, 16, 16, 22, 22, 22, 21, 13, 11, 10, 15],
[17, 0, 20, 17, 9, 4, 14, 14, 7, 9, 17, 18, 8, 6, 5, 5, 4, 8, 7, 11],
[26, 20, 0, 3, 21, 23, 6, 7, 24, 11, 11, 12, 14, 17, 19, 17, 21, 18, 20, 12],
[24, 17, 3, 0, 18, 20, 3, 4, 21, 8, 10, 11, 11, 14, 16, 14, 18, 15, 17, 9],
[8, 9, 21, 18, 0, 8, 17, 17, 5, 11, 14, 13, 14, 14, 14, 13, 5, 4, 2, 9],
[15, 4, 23, 20, 8, 0, 17, 17, 4, 12, 19, 19, 11, 10, 8, 9, 3, 8, 7, 13],
[23, 14, 6, 3, 17, 17, 0, 1, 19, 6, 11, 12, 8, 11, 13, 11, 16, 13, 15, 8],
[24, 14, 7, 4, 17, 17, 1, 0, 19, 6, 12, 13, 7, 10, 12, 10, 16, 13, 15, 9],
[11, 7, 24, 21, 5, 4, 19, 19, 0, 13, 18, 18, 14, 13, 12, 12, 4, 7, 5, 13],
[18, 9, 11, 8, 11, 12, 6, 6, 13, 0, 10, 11, 6, 8, 9, 8, 10, 8, 9, 4],
[16, 17, 11, 10, 14, 19, 11, 12, 18, 10, 0, 1, 16, 18, 19, 17, 16, 11, 13, 6],
[16, 18, 12, 11, 13, 19, 12, 13, 18, 11, 1, 0, 16, 19, 20, 18, 16, 11, 13, 7],
[22, 8, 14, 11, 14, 11, 8, 7, 14, 6, 16, 16, 0, 3, 5, 3, 11, 11, 12, 10],
[22, 6, 17, 14, 14, 10, 11, 10, 13, 8, 18, 19, 3, 0, 2, 1, 10, 12, 12, 12],
[22, 5, 19, 16, 14, 8, 13, 12, 12, 9, 19, 20, 5, 2, 0, 2, 9, 12, 12, 13],
[21, 5, 17, 14, 13, 9, 11, 10, 12, 8, 17, 18, 3, 1, 2, 0, 9, 11, 11, 11],
[13, 4, 21, 18, 5, 3, 16, 16, 4, 10, 16, 16, 11, 10, 9, 9, 0, 5, 4, 10],
[11, 8, 18, 15, 4, 8, 13, 13, 7, 8, 11, 11, 11, 12, 12, 11, 5, 0, 2, 6],
[10, 7, 20, 17, 2, 7, 15, 15, 5, 9, 13, 13, 12, 12, 12, 11, 4, 2, 0, 8],
[15, 11, 12, 9, 9, 13, 8, 9, 13, 4, 6, 7, 10, 12, 13, 11, 10, 6, 8, 0]
   ],
//setup on machine: MAQ 6
[   [0, 13, 8, 2, 9, 7, 14, 18, 12, 7, 10, 19, 18, 9, 9, 5, 17, 8, 9, 9],
[13, 0, 21, 11, 8, 17, 13, 18, 4, 7, 12, 6, 5, 7, 20, 8, 17, 11, 21, 5],
[8, 21, 0, 10, 17, 7, 18, 21, 20, 14, 16, 26, 25, 17, 6, 13, 19, 15, 1, 17],
[2, 11, 10, 0, 8, 8, 13, 17, 10, 5, 10, 17, 16, 8, 10, 3, 16, 8, 11, 8],
[9, 8, 17, 8, 0, 16, 18, 23, 5, 9, 4, 14, 11, 1, 18, 6, 22, 3, 17, 3],
[7, 17, 7, 8, 16, 0, 11, 14, 18, 10, 17, 22, 22, 16, 3, 10, 12, 15, 7, 15],
[14, 13, 18, 13, 18, 11, 0, 5, 16, 9, 21, 15, 18, 17, 14, 12, 4, 19, 18, 15],
[18, 18, 21, 17, 23, 14, 5, 0, 21, 14, 26, 19, 22, 22, 16, 17, 2, 24, 21, 20],
[12, 4, 20, 10, 5, 18, 16, 21, 0, 8, 9, 9, 6, 4, 20, 8, 20, 8, 21, 3],
[7, 7, 14, 5, 9, 10, 9, 14, 8, 0, 12, 12, 12, 8, 13, 3, 13, 10, 15, 6],
[10, 12, 16, 10, 4, 17, 21, 26, 9, 12, 0, 18, 14, 5, 19, 9, 25, 2, 17, 7],
[19, 6, 26, 17, 14, 22, 15, 19, 9, 12, 18, 0, 5, 13, 25, 14, 19, 17, 27, 11],
[18, 5, 25, 16, 11, 22, 18, 22, 6, 12, 14, 5, 0, 10, 25, 13, 22, 14, 26, 9],
[9, 7, 17, 8, 1, 16, 17, 22, 4, 8, 5, 13, 10, 0, 18, 6, 21, 4, 18, 2],
[9, 20, 6, 10, 18, 3, 14, 16, 20, 13, 19, 25, 25, 18, 0, 13, 14, 17, 5, 18],
[5, 8, 13, 3, 6, 10, 12, 17, 8, 3, 9, 14, 13, 6, 13, 0, 16, 7, 13, 5],
[17, 17, 19, 16, 22, 12, 4, 2, 20, 13, 25, 19, 22, 21, 14, 16, 0, 23, 19, 19],
[8, 11, 15, 8, 3, 15, 19, 24, 8, 10, 2, 17, 14, 4, 17, 7, 23, 0, 16, 6],
[9, 21, 1, 11, 17, 7, 18, 21, 21, 15, 17, 27, 26, 18, 5, 13, 19, 16, 0, 18],
[9, 5, 17, 8, 3, 15, 15, 20, 3, 6, 7, 11, 9, 2, 18, 5, 19, 6, 18, 0]
   ],
//setup on machine: MAQ 7
[   [0, 8, 8, 3, 13, 23, 19, 4, 18, 10, 21, 9, 15, 22, 8, 18, 3, 2, 5, 11],
[8, 0, 6, 9, 12, 21, 11, 7, 14, 2, 13, 4, 8, 16, 12, 16, 11, 6, 11, 3],
[8, 6, 0, 6, 6, 16, 15, 4, 10, 6, 16, 10, 8, 14, 7, 11, 11, 7, 13, 8],
[3, 9, 6, 0, 10, 21, 19, 2, 16, 10, 21, 11, 14, 20, 5, 16, 6, 4, 8, 12],
[13, 12, 6, 10, 0, 11, 19, 9, 8, 11, 19, 16, 11, 13, 7, 6, 16, 13, 18, 13],
[23, 21, 16, 21, 11, 0, 23, 19, 8, 19, 22, 25, 15, 11, 17, 5, 26, 23, 28, 21],
[19, 11, 15, 19, 19, 23, 0, 17, 15, 9, 4, 11, 9, 13, 22, 20, 22, 17, 21, 8],
[4, 7, 4, 2, 9, 19, 17, 0, 14, 8, 19, 10, 12, 18, 5, 14, 7, 4, 9, 10],
[18, 14, 10, 16, 8, 8, 15, 14, 0, 12, 14, 17, 7, 5, 15, 5, 21, 17, 23, 13],
[10, 2, 6, 10, 11, 19, 9, 8, 12, 0, 11, 6, 6, 14, 13, 14, 13, 8, 13, 2],
[21, 13, 16, 21, 19, 22, 4, 19, 14, 11, 0, 14, 8, 11, 23, 19, 24, 19, 24, 10],
[9, 4, 10, 11, 16, 25, 11, 10, 17, 6, 14, 0, 11, 19, 15, 20, 11, 7, 10, 5],
[15, 8, 8, 14, 11, 15, 9, 12, 7, 6, 8, 11, 0, 8, 15, 11, 18, 13, 19, 6],
[22, 16, 14, 20, 13, 11, 13, 18, 5, 14, 11, 19, 8, 0, 20, 10, 25, 21, 26, 14],
[8, 12, 7, 5, 7, 17, 22, 5, 15, 13, 23, 15, 15, 20, 0, 13, 10, 9, 13, 15],
[18, 16, 11, 16, 6, 5, 20, 14, 5, 14, 19, 20, 11, 10, 13, 0, 21, 18, 23, 16],
[3, 11, 11, 6, 16, 26, 22, 7, 21, 13, 24, 11, 18, 25, 10, 21, 0, 5, 3, 14],
[2, 6, 7, 4, 13, 23, 17, 4, 17, 8, 19, 7, 13, 21, 9, 18, 5, 0, 6, 9],
[5, 11, 13, 8, 18, 28, 21, 9, 23, 13, 24, 10, 19, 26, 13, 23, 3, 6, 0, 14],
[11, 3, 8, 12, 13, 21, 8, 10, 13, 2, 10, 5, 6, 14, 15, 16, 14, 9, 14, 0]
   ],
//setup on machine: MAQ 8
[   [0, 14, 17, 3, 10, 11, 7, 9, 15, 4, 18, 9, 9, 13, 11, 15, 13, 14, 20, 9],
[14, 0, 8, 17, 23, 12, 21, 23, 23, 10, 18, 22, 6, 5, 13, 8, 16, 21, 18, 16],
[17, 8, 0, 20, 23, 8, 23, 25, 20, 13, 12, 22, 12, 13, 10, 2, 12, 18, 11, 15],
[3, 17, 20, 0, 8, 13, 4, 6, 14, 7, 19, 7, 12, 16, 13, 18, 14, 14, 22, 9],
[10, 23, 23, 8, 0, 15, 6, 5, 9, 13, 18, 1, 19, 23, 14, 21, 13, 9, 21, 9],
[11, 12, 8, 13, 15, 0, 16, 18, 12, 8, 8, 14, 12, 15, 2, 6, 4, 10, 9, 7],
[7, 21, 23, 4, 6, 16, 0, 2, 14, 11, 21, 5, 16, 20, 15, 21, 16, 14, 24, 11],
[9, 23, 25, 6, 5, 18, 2, 0, 14, 13, 22, 5, 18, 22, 16, 23, 17, 14, 25, 12],
[15, 23, 20, 14, 9, 12, 14, 14, 0, 15, 11, 9, 21, 25, 10, 18, 8, 2, 14, 7],
[4, 10, 13, 7, 13, 8, 11, 13, 15, 0, 15, 12, 6, 10, 8, 11, 11, 13, 17, 8],
[18, 18, 12, 19, 18, 8, 21, 22, 11, 15, 0, 17, 19, 22, 7, 11, 5, 9, 4, 10],
[9, 22, 22, 7, 1, 14, 5, 5, 9, 12, 17, 0, 18, 22, 13, 20, 13, 9, 21, 8],
[9, 6, 12, 12, 19, 12, 16, 18, 21, 6, 19, 18, 0, 4, 13, 11, 16, 19, 20, 14],
[13, 5, 13, 16, 23, 15, 20, 22, 25, 10, 22, 22, 4, 0, 16, 13, 19, 23, 22, 18],
[11, 13, 10, 13, 14, 2, 15, 16, 10, 8, 7, 13, 13, 16, 0, 8, 3, 8, 9, 5],
[15, 8, 2, 18, 21, 6, 21, 23, 18, 11, 11, 20, 11, 13, 8, 0, 10, 16, 10, 13],
[13, 16, 12, 14, 13, 4, 16, 17, 8, 11, 5, 13, 16, 19, 3, 10, 0, 6, 8, 5],
[14, 21, 18, 14, 9, 10, 14, 14, 2, 13, 9, 9, 19, 23, 8, 16, 6, 0, 13, 6],
[20, 18, 11, 22, 21, 9, 24, 25, 14, 17, 4, 21, 20, 22, 9, 10, 8, 13, 0, 13],
[9, 16, 15, 9, 9, 7, 11, 12, 7, 8, 10, 8, 14, 18, 5, 13, 5, 6, 13, 0]
   ],
//setup on machine: MAQ 9
[   [0, 17, 8, 20, 10, 15, 10, 14, 16, 8, 5, 17, 19, 14, 6, 15, 19, 4, 4, 3],
[17, 0, 9, 16, 7, 6, 10, 3, 11, 18, 17, 10, 15, 11, 16, 2, 21, 15, 14, 14],
[8, 9, 0, 17, 3, 8, 7, 7, 10, 12, 8, 13, 16, 9, 8, 8, 19, 7, 5, 5],
[20, 16, 17, 0, 15, 21, 11, 14, 26, 15, 24, 6, 1, 25, 24, 14, 8, 16, 21, 20],
[10, 7, 3, 15, 0, 8, 5, 4, 11, 12, 11, 10, 14, 10, 11, 5, 18, 8, 8, 8],
[15, 6, 8, 21, 8, 0, 13, 7, 5, 19, 14, 15, 20, 5, 13, 7, 25, 15, 12, 12],
[10, 10, 7, 11, 5, 13, 0, 7, 16, 8, 13, 8, 10, 15, 13, 8, 13, 6, 10, 9],
[14, 3, 7, 14, 4, 7, 7, 0, 12, 15, 15, 8, 13, 11, 15, 1, 18, 12, 12, 12],
[16, 11, 10, 26, 11, 5, 16, 12, 0, 22, 13, 20, 25, 2, 12, 12, 29, 17, 12, 13],
[8, 18, 12, 15, 12, 19, 8, 15, 22, 0, 13, 14, 14, 20, 14, 16, 11, 5, 11, 10],
[5, 17, 8, 24, 11, 14, 13, 15, 13, 13, 0, 20, 23, 11, 1, 16, 23, 9, 3, 4],
[17, 10, 13, 6, 10, 15, 8, 8, 20, 14, 20, 0, 5, 19, 20, 9, 12, 14, 17, 16],
[19, 15, 16, 1, 14, 20, 10, 13, 25, 14, 23, 5, 0, 24, 23, 13, 8, 15, 20, 19],
[14, 11, 9, 25, 10, 5, 15, 11, 2, 20, 11, 19, 24, 0, 10, 11, 28, 15, 10, 11],
[6, 16, 8, 24, 11, 13, 13, 15, 12, 14, 1, 20, 23, 10, 0, 15, 24, 9, 3, 4],
[15, 2, 8, 14, 5, 7, 8, 1, 12, 16, 16, 9, 13, 11, 15, 0, 19, 13, 13, 13],
[19, 21, 19, 8, 18, 25, 13, 18, 29, 11, 23, 12, 8, 28, 24, 19, 0, 15, 21, 20],
[4, 15, 7, 16, 8, 15, 6, 12, 17, 5, 9, 14, 15, 15, 9, 13, 15, 0, 6, 5],
[4, 14, 5, 21, 8, 12, 10, 12, 12, 11, 3, 17, 20, 10, 3, 13, 21, 6, 0, 1],
[3, 14, 5, 20, 8, 12, 9, 12, 13, 10, 4, 16, 19, 11, 4, 13, 20, 5, 1, 0]
   ],
//setup on machine: MAQ 10
[   [0, 5, 23, 3, 16, 22, 4, 13, 22, 30, 13, 16, 14, 18, 25, 20, 17, 19, 9, 16],
[5, 0, 21, 4, 17, 22, 4, 8, 21, 28, 8, 12, 14, 17, 22, 16, 13, 16, 8, 12],
[23, 21, 0, 20, 12, 10, 19, 19, 7, 8, 17, 11, 11, 6, 4, 14, 13, 5, 14, 12],
[3, 4, 20, 0, 14, 19, 1, 12, 19, 28, 11, 14, 11, 16, 22, 18, 15, 16, 6, 13],
[16, 17, 12, 14, 0, 6, 14, 21, 7, 19, 19, 16, 4, 6, 16, 21, 18, 13, 9, 16],
[22, 22, 10, 19, 6, 0, 19, 24, 3, 15, 22, 17, 8, 6, 14, 22, 20, 13, 14, 18],
[4, 4, 19, 1, 14, 19, 0, 11, 19, 27, 10, 13, 11, 15, 21, 17, 14, 16, 5, 12],
[13, 8, 19, 12, 21, 24, 11, 0, 22, 25, 2, 8, 17, 18, 19, 9, 7, 14, 12, 7],
[22, 21, 7, 19, 7, 3, 19, 22, 0, 12, 20, 15, 8, 4, 11, 19, 18, 10, 14, 16],
[30, 28, 8, 28, 19, 15, 27, 25, 12, 0, 23, 17, 18, 13, 6, 18, 18, 12, 22, 18],
[13, 8, 17, 11, 19, 22, 10, 2, 20, 23, 0, 6, 15, 16, 17, 8, 6, 12, 11, 5],
[16, 12, 11, 14, 16, 17, 13, 8, 15, 17, 6, 0, 12, 12, 11, 5, 3, 6, 10, 1],
[14, 14, 11, 11, 4, 8, 11, 17, 8, 18, 15, 12, 0, 5, 14, 17, 15, 10, 6, 13],
[18, 17, 6, 16, 6, 6, 15, 18, 4, 13, 16, 12, 5, 0, 10, 16, 14, 7, 10, 13],
[25, 22, 4, 22, 16, 14, 21, 19, 11, 6, 17, 11, 14, 10, 0, 12, 12, 6, 17, 12],
[20, 16, 14, 18, 21, 22, 17, 9, 19, 18, 8, 5, 17, 16, 12, 0, 3, 9, 15, 5],
[17, 13, 13, 15, 18, 20, 14, 7, 18, 18, 6, 3, 15, 14, 12, 3, 0, 8, 12, 2],
[19, 16, 5, 16, 13, 13, 16, 14, 10, 12, 12, 6, 10, 7, 6, 9, 8, 0, 11, 7],
[9, 8, 14, 6, 9, 14, 5, 12, 14, 22, 11, 10, 6, 10, 17, 15, 12, 11, 0, 10],
[16, 12, 12, 13, 16, 18, 12, 7, 16, 18, 5, 1, 13, 13, 12, 5, 2, 7, 10, 0]
   ],
//setup on machine: MAQ 11
[   [0, 10, 11, 17, 11, 8, 11, 17, 5, 11, 12, 18, 12, 16, 9, 7, 5, 11, 11, 10],
[10, 0, 17, 13, 14, 7, 11, 7, 6, 7, 15, 13, 15, 8, 13, 17, 15, 19, 19, 6],
[11, 17, 0, 27, 5, 18, 22, 24, 14, 12, 23, 28, 22, 25, 4, 15, 8, 20, 19, 12],
[17, 13, 27, 0, 25, 9, 6, 13, 13, 20, 9, 2, 10, 7, 24, 18, 21, 17, 18, 19],
[11, 14, 5, 25, 0, 16, 21, 19, 13, 7, 23, 25, 23, 21, 2, 17, 11, 22, 21, 8],
[8, 7, 18, 9, 16, 0, 5, 12, 4, 12, 8, 10, 9, 9, 15, 11, 13, 13, 13, 11],
[11, 11, 22, 6, 21, 5, 0, 15, 9, 17, 4, 8, 5, 10, 20, 12, 16, 11, 12, 16],
[17, 7, 24, 13, 19, 12, 15, 0, 13, 12, 19, 12, 20, 6, 20, 23, 22, 25, 25, 12],
[5, 6, 14, 13, 13, 4, 9, 13, 0, 9, 11, 14, 11, 11, 11, 11, 10, 14, 13, 8],
[11, 7, 12, 20, 7, 12, 17, 12, 9, 0, 20, 20, 20, 15, 8, 18, 14, 22, 21, 1],
[12, 15, 23, 9, 23, 8, 4, 19, 11, 20, 0, 11, 1, 14, 21, 10, 16, 8, 9, 19],
[18, 13, 28, 2, 25, 10, 8, 12, 14, 20, 11, 0, 12, 6, 25, 20, 23, 19, 20, 19],
[12, 15, 22, 10, 23, 9, 5, 20, 11, 20, 1, 12, 0, 15, 21, 9, 15, 7, 8, 19],
[16, 8, 25, 7, 21, 9, 10, 6, 11, 15, 14, 6, 15, 0, 21, 20, 21, 21, 22, 14],
[9, 13, 4, 24, 2, 15, 20, 20, 11, 8, 21, 25, 21, 21, 0, 15, 9, 20, 19, 8],
[7, 17, 15, 18, 17, 11, 12, 23, 11, 18, 10, 20, 9, 20, 15, 0, 7, 5, 4, 17],
[5, 15, 8, 21, 11, 13, 16, 22, 10, 14, 16, 23, 15, 21, 9, 7, 0, 12, 11, 13],
[11, 19, 20, 17, 22, 13, 11, 25, 14, 22, 8, 19, 7, 21, 20, 5, 12, 0, 1, 21],
[11, 19, 19, 18, 21, 13, 12, 25, 13, 21, 9, 20, 8, 22, 19, 4, 11, 1, 0, 21],
[10, 6, 12, 19, 8, 11, 16, 12, 8, 1, 19, 19, 19, 14, 8, 17, 13, 21, 21, 0]
   ],
//setup on machine: MAQ 12
[   [0, 15, 19, 22, 9, 14, 19, 9, 16, 4, 18, 12, 8, 9, 25, 14, 19, 23, 9, 9],
[15, 0, 22, 15, 6, 7, 21, 6, 3, 18, 4, 21, 12, 19, 15, 5, 4, 18, 12, 16],
[19, 22, 0, 13, 18, 16, 1, 19, 25, 17, 23, 8, 12, 12, 18, 26, 25, 11, 12, 10],
[22, 15, 13, 0, 15, 9, 12, 16, 18, 23, 14, 18, 14, 19, 5, 20, 17, 4, 13, 15],
[9, 6, 18, 15, 0, 6, 17, 1, 8, 12, 9, 15, 6, 13, 16, 8, 10, 17, 6, 10],
[14, 7, 16, 9, 6, 0, 15, 7, 10, 16, 7, 16, 8, 15, 11, 11, 10, 12, 7, 11],
[19, 21, 1, 12, 17, 15, 0, 18, 24, 18, 22, 9, 12, 12, 17, 25, 25, 10, 11, 10],
[9, 6, 19, 16, 1, 7, 18, 0, 8, 12, 9, 16, 7, 13, 17, 7, 10, 18, 7, 11],
[16, 3, 25, 18, 8, 10, 24, 8, 0, 19, 5, 23, 14, 21, 17, 3, 4, 21, 14, 18],
[4, 18, 17, 23, 12, 16, 18, 12, 19, 0, 21, 10, 9, 6, 26, 18, 22, 23, 10, 8],
[18, 4, 23, 14, 9, 7, 22, 9, 5, 21, 0, 22, 14, 21, 12, 8, 3, 17, 14, 18],
[12, 21, 8, 18, 15, 16, 9, 16, 23, 10, 22, 0, 9, 4, 22, 23, 25, 17, 9, 5],
[8, 12, 12, 14, 6, 8, 12, 7, 14, 9, 14, 9, 0, 7, 17, 14, 16, 15, 1, 4],
[9, 19, 12, 19, 13, 15, 12, 13, 21, 6, 21, 4, 7, 0, 23, 20, 23, 19, 8, 4],
[25, 15, 18, 5, 16, 11, 17, 17, 17, 26, 12, 22, 17, 23, 0, 20, 15, 8, 16, 19],
[14, 5, 26, 20, 8, 11, 25, 7, 3, 18, 8, 23, 14, 20, 20, 0, 6, 23, 14, 18],
[19, 4, 25, 17, 10, 10, 25, 10, 4, 22, 3, 25, 16, 23, 15, 6, 0, 20, 16, 20],
[23, 18, 11, 4, 17, 12, 10, 18, 21, 23, 17, 17, 15, 19, 8, 23, 20, 0, 14, 16],
[9, 12, 12, 13, 6, 7, 11, 7, 14, 10, 14, 9, 1, 8, 16, 14, 16, 14, 0, 4],
[9, 16, 10, 15, 10, 11, 10, 11, 18, 8, 18, 5, 4, 4, 19, 18, 20, 16, 4, 0]
   ],
//setup on machine: MAQ 13
[   [0, 3, 21, 22, 13, 9, 23, 10, 15, 7, 9, 10, 9, 9, 16, 5, 24, 21, 19, 15],
[3, 0, 22, 23, 16, 8, 26, 9, 17, 9, 12, 9, 8, 8, 17, 3, 25, 23, 20, 16],
[21, 22, 0, 2, 18, 14, 18, 16, 12, 15, 23, 15, 16, 17, 5, 21, 4, 10, 4, 6],
[22, 23, 2, 0, 19, 16, 18, 18, 13, 16, 24, 17, 18, 19, 7, 23, 2, 10, 5, 7],
[13, 16, 18, 19, 0, 17, 11, 19, 6, 8, 7, 19, 18, 19, 14, 18, 21, 12, 19, 13],
[9, 8, 14, 16, 17, 0, 24, 3, 15, 9, 16, 2, 2, 3, 10, 7, 17, 19, 12, 10],
[23, 26, 18, 18, 11, 24, 0, 27, 9, 17, 18, 26, 26, 27, 17, 27, 20, 8, 21, 16],
[10, 9, 16, 18, 19, 3, 27, 0, 18, 11, 18, 1, 1, 1, 12, 6, 19, 21, 13, 13],
[15, 17, 12, 13, 6, 15, 9, 18, 0, 8, 13, 17, 17, 18, 9, 18, 15, 6, 14, 8],
[7, 9, 15, 16, 8, 9, 17, 11, 8, 0, 9, 11, 10, 11, 10, 10, 18, 14, 14, 9],
[9, 12, 23, 24, 7, 16, 18, 18, 13, 9, 0, 18, 17, 17, 18, 14, 26, 19, 23, 17],
[10, 9, 15, 17, 19, 2, 26, 1, 17, 11, 18, 0, 1, 2, 11, 7, 18, 21, 12, 12],
[9, 8, 16, 18, 18, 2, 26, 1, 17, 10, 17, 1, 0, 1, 12, 6, 19, 21, 13, 12],
[9, 8, 17, 19, 19, 3, 27, 1, 18, 11, 17, 2, 1, 0, 13, 5, 20, 22, 14, 13],
[16, 17, 5, 7, 14, 10, 17, 12, 9, 10, 18, 11, 12, 13, 0, 16, 9, 10, 5, 1],
[5, 3, 21, 23, 18, 7, 27, 6, 18, 10, 14, 7, 6, 5, 16, 0, 24, 24, 18, 16],
[24, 25, 4, 2, 21, 17, 20, 19, 15, 18, 26, 18, 19, 20, 9, 24, 0, 12, 6, 9],
[21, 23, 10, 10, 12, 19, 8, 21, 6, 14, 19, 21, 21, 22, 10, 24, 12, 0, 13, 9],
[19, 20, 4, 5, 19, 12, 21, 13, 14, 14, 23, 12, 13, 14, 5, 18, 6, 13, 0, 6],
[15, 16, 6, 7, 13, 10, 16, 13, 8, 9, 17, 12, 12, 13, 1, 16, 9, 9, 6, 0]
   ],
//setup on machine: MAQ 14
[   [0, 12, 16, 7, 15, 23, 14, 23, 15, 10, 21, 2, 15, 19, 16, 10, 12, 20, 17, 19],
[12, 0, 13, 5, 21, 18, 18, 16, 20, 11, 17, 10, 5, 20, 22, 15, 3, 18, 15, 19],
[16, 13, 0, 12, 12, 8, 8, 9, 11, 6, 5, 16, 9, 7, 14, 9, 16, 5, 2, 6],
[7, 5, 12, 0, 17, 19, 14, 18, 16, 8, 17, 6, 8, 18, 18, 11, 6, 17, 14, 17],
[15, 21, 12, 17, 0, 18, 4, 20, 1, 10, 15, 17, 19, 9, 2, 6, 23, 12, 11, 10],
[23, 18, 8, 19, 18, 0, 14, 4, 17, 14, 3, 23, 13, 10, 20, 16, 21, 6, 7, 8],
[14, 18, 8, 14, 4, 14, 0, 16, 3, 7, 11, 15, 16, 6, 6, 4, 20, 9, 7, 7],
[23, 16, 9, 18, 20, 4, 16, 0, 19, 14, 6, 23, 11, 13, 22, 18, 19, 9, 9, 11],
[15, 20, 11, 16, 1, 17, 3, 19, 0, 9, 14, 16, 18, 8, 3, 5, 22, 11, 10, 9],
[10, 11, 6, 8, 10, 14, 7, 14, 9, 0, 11, 10, 9, 10, 12, 5, 13, 10, 7, 10],
[21, 17, 5, 17, 15, 3, 11, 6, 14, 11, 0, 21, 13, 7, 17, 13, 20, 3, 4, 5],
[2, 10, 16, 6, 17, 23, 15, 23, 16, 10, 21, 0, 14, 20, 17, 11, 10, 20, 17, 20],
[15, 5, 9, 8, 19, 13, 16, 11, 18, 9, 13, 14, 0, 16, 21, 14, 8, 14, 11, 15],
[19, 20, 7, 18, 9, 10, 6, 13, 8, 10, 7, 20, 16, 0, 10, 9, 22, 4, 5, 2],
[16, 22, 14, 18, 2, 20, 6, 22, 3, 12, 17, 17, 21, 10, 0, 7, 24, 14, 13, 12],
[10, 15, 9, 11, 6, 16, 4, 18, 5, 5, 13, 11, 14, 9, 7, 0, 17, 11, 9, 10],
[12, 3, 16, 6, 23, 21, 20, 19, 22, 13, 20, 10, 8, 22, 24, 17, 0, 21, 18, 22],
[20, 18, 5, 17, 12, 6, 9, 9, 11, 10, 3, 20, 14, 4, 14, 11, 21, 0, 3, 2],
[17, 15, 2, 14, 11, 7, 7, 9, 10, 7, 4, 17, 11, 5, 13, 9, 18, 3, 0, 4],
[19, 19, 6, 17, 10, 8, 7, 11, 9, 10, 5, 20, 15, 2, 12, 10, 22, 2, 4, 0]
   ],
//setup on machine: MAQ 15
[   [0, 10, 11, 15, 13, 11, 12, 5, 11, 4, 8, 12, 15, 14, 5, 8, 9, 11, 4, 11],
[10, 0, 11, 15, 23, 7, 15, 13, 10, 10, 18, 13, 7, 9, 11, 18, 10, 4, 14, 2],
[11, 11, 0, 24, 23, 17, 22, 16, 1, 14, 14, 2, 9, 20, 15, 17, 2, 14, 14, 10],
[15, 15, 24, 0, 18, 8, 5, 11, 23, 11, 21, 26, 22, 8, 10, 19, 22, 12, 15, 17],
[13, 23, 23, 18, 0, 20, 13, 10, 23, 13, 10, 24, 28, 22, 12, 7, 21, 22, 9, 24],
[11, 7, 17, 8, 20, 0, 9, 10, 16, 8, 19, 19, 14, 3, 8, 18, 16, 4, 13, 9],
[12, 15, 22, 5, 13, 9, 0, 7, 22, 8, 17, 23, 22, 11, 7, 14, 20, 13, 11, 17],
[5, 13, 16, 11, 10, 10, 7, 0, 16, 3, 10, 17, 19, 13, 2, 8, 14, 12, 4, 14],
[11, 10, 1, 23, 23, 16, 22, 16, 0, 14, 15, 3, 8, 19, 15, 17, 2, 13, 14, 9],
[4, 10, 14, 11, 13, 8, 8, 3, 14, 0, 11, 16, 16, 11, 1, 10, 12, 9, 5, 12],
[8, 18, 14, 21, 10, 19, 17, 10, 15, 11, 0, 14, 21, 22, 11, 3, 13, 19, 6, 19],
[12, 13, 2, 26, 24, 19, 23, 17, 3, 16, 14, 0, 11, 22, 17, 17, 4, 16, 15, 12],
[15, 7, 9, 22, 28, 14, 22, 19, 8, 16, 21, 11, 0, 16, 17, 23, 9, 10, 19, 5],
[14, 9, 20, 8, 22, 3, 11, 13, 19, 11, 22, 22, 16, 0, 11, 21, 18, 6, 16, 11],
[5, 11, 15, 10, 12, 8, 7, 2, 15, 1, 11, 17, 17, 11, 0, 10, 13, 10, 5, 13],
[8, 18, 17, 19, 7, 18, 14, 8, 17, 10, 3, 17, 23, 21, 10, 0, 15, 19, 5, 19],
[9, 10, 2, 22, 21, 16, 20, 14, 2, 12, 13, 4, 9, 18, 13, 15, 0, 13, 12, 9],
[11, 4, 14, 12, 22, 4, 13, 12, 13, 9, 19, 16, 10, 6, 10, 19, 13, 0, 14, 5],
[4, 14, 14, 15, 9, 13, 11, 4, 14, 5, 6, 15, 19, 16, 5, 5, 12, 14, 0, 15],
[11, 2, 10, 17, 24, 9, 17, 14, 9, 12, 19, 12, 5, 11, 13, 19, 9, 5, 15, 0]
   ],
//setup on machine: MAQ 16
[   [0, 23, 22, 24, 11, 6, 14, 16, 9, 5, 19, 15, 20, 14, 6, 17, 1, 11, 3, 3],
[23, 0, 11, 16, 15, 17, 20, 24, 25, 18, 7, 27, 20, 27, 20, 6, 22, 12, 23, 20],
[22, 11, 0, 5, 19, 16, 12, 15, 19, 18, 16, 19, 9, 19, 17, 10, 21, 11, 20, 19],
[24, 16, 5, 0, 23, 19, 12, 13, 20, 21, 21, 18, 7, 18, 18, 15, 23, 15, 22, 22],
[11, 15, 19, 23, 0, 8, 18, 22, 18, 7, 9, 23, 22, 22, 12, 10, 10, 8, 13, 9],
[6, 17, 16, 19, 8, 0, 11, 14, 10, 2, 14, 15, 16, 14, 4, 11, 5, 5, 6, 4],
[14, 20, 12, 12, 18, 11, 0, 4, 8, 13, 21, 7, 6, 7, 9, 16, 14, 11, 12, 13],
[16, 24, 15, 13, 22, 14, 4, 0, 9, 16, 25, 5, 6, 5, 11, 19, 16, 15, 14, 16],
[9, 25, 19, 20, 18, 10, 8, 9, 0, 11, 24, 6, 14, 5, 6, 19, 9, 13, 6, 10],
[5, 18, 18, 21, 7, 2, 13, 16, 11, 0, 15, 16, 18, 15, 5, 12, 4, 7, 6, 2],
[19, 7, 16, 21, 9, 14, 21, 25, 24, 15, 0, 28, 23, 27, 18, 6, 18, 11, 20, 16],
[15, 27, 19, 18, 23, 15, 7, 5, 6, 16, 28, 0, 11, 1, 11, 22, 15, 17, 12, 16],
[20, 20, 9, 7, 22, 16, 6, 6, 14, 18, 23, 11, 0, 11, 14, 17, 19, 14, 17, 18],
[14, 27, 19, 18, 22, 14, 7, 5, 5, 15, 27, 1, 11, 0, 10, 22, 14, 16, 11, 15],
[6, 20, 17, 18, 12, 4, 9, 11, 6, 5, 18, 11, 14, 10, 0, 14, 5, 8, 4, 5],
[17, 6, 10, 15, 10, 11, 16, 19, 19, 12, 6, 22, 17, 22, 14, 0, 16, 6, 17, 14],
[1, 22, 21, 23, 10, 5, 14, 16, 9, 4, 18, 15, 19, 14, 5, 16, 0, 10, 3, 2],
[11, 12, 11, 15, 8, 5, 11, 15, 13, 7, 11, 17, 14, 16, 8, 6, 10, 0, 11, 9],
[3, 23, 20, 22, 13, 6, 12, 14, 6, 6, 20, 12, 17, 11, 4, 17, 3, 11, 0, 4],
[3, 20, 19, 22, 9, 4, 13, 16, 10, 2, 16, 16, 18, 15, 5, 14, 2, 9, 4, 0]
   ],
//setup on machine: MAQ 17
[   [0, 19, 6, 13, 12, 24, 7, 19, 18, 15, 6, 18, 23, 21, 23, 21, 14, 17, 1, 17],
[19, 0, 14, 25, 20, 7, 19, 7, 5, 4, 13, 14, 14, 21, 19, 20, 15, 11, 18, 3],
[6, 14, 0, 18, 15, 20, 11, 16, 15, 11, 2, 18, 22, 23, 23, 22, 15, 16, 6, 13],
[13, 25, 18, 0, 6, 28, 7, 22, 22, 21, 16, 16, 22, 14, 18, 14, 12, 17, 13, 23],
[12, 20, 15, 6, 0, 22, 5, 16, 16, 16, 13, 10, 16, 10, 13, 10, 6, 11, 11, 17],
[24, 7, 20, 28, 22, 0, 23, 6, 6, 9, 19, 14, 10, 20, 17, 19, 16, 11, 23, 7],
[7, 19, 11, 7, 5, 23, 0, 17, 17, 15, 9, 13, 19, 15, 17, 14, 9, 13, 6, 17],
[19, 7, 16, 22, 16, 6, 17, 0, 2, 6, 15, 8, 7, 15, 12, 14, 10, 5, 18, 4],
[18, 5, 15, 22, 16, 6, 17, 2, 0, 4, 13, 9, 9, 16, 14, 15, 11, 6, 17, 2],
[15, 4, 11, 21, 16, 9, 15, 6, 4, 0, 10, 11, 12, 18, 16, 17, 11, 8, 14, 2],
[6, 13, 2, 16, 13, 19, 9, 15, 13, 10, 0, 16, 20, 21, 21, 20, 13, 14, 5, 12],
[18, 14, 18, 16, 10, 14, 13, 8, 9, 11, 16, 0, 6, 7, 6, 6, 4, 3, 17, 11],
[23, 14, 22, 22, 16, 10, 19, 7, 9, 12, 20, 6, 0, 11, 7, 10, 10, 6, 22, 11],
[21, 21, 23, 14, 10, 20, 15, 15, 16, 18, 21, 7, 11, 0, 4, 1, 8, 10, 21, 18],
[23, 19, 23, 18, 13, 17, 17, 12, 14, 16, 21, 6, 7, 4, 0, 4, 9, 9, 22, 16],
[21, 20, 22, 14, 10, 19, 14, 14, 15, 17, 20, 6, 10, 1, 4, 0, 7, 9, 20, 17],
[14, 15, 15, 12, 6, 16, 9, 10, 11, 11, 13, 4, 10, 8, 9, 7, 0, 5, 14, 12],
[17, 11, 16, 17, 11, 11, 13, 5, 6, 8, 14, 3, 6, 10, 9, 9, 5, 0, 16, 8],
[1, 18, 6, 13, 11, 23, 6, 18, 17, 14, 5, 17, 22, 21, 22, 20, 14, 16, 0, 16],
[17, 3, 13, 23, 17, 7, 17, 4, 2, 2, 12, 11, 11, 18, 16, 17, 12, 8, 16, 0]
   ],
//setup on machine: MAQ 18
[   [0, 22, 10, 19, 9, 21, 13, 15, 19, 6, 9, 9, 22, 19, 1, 23, 16, 21, 18, 19],
[22, 0, 13, 8, 16, 12, 11, 7, 6, 16, 21, 16, 19, 22, 23, 3, 18, 9, 20, 9],
[10, 13, 0, 9, 10, 11, 3, 8, 13, 5, 8, 4, 14, 13, 11, 14, 9, 11, 11, 9],
[19, 8, 9, 0, 17, 4, 6, 9, 12, 14, 16, 11, 11, 14, 20, 7, 11, 2, 12, 1],
[9, 16, 10, 17, 0, 21, 12, 9, 12, 6, 15, 12, 24, 23, 9, 18, 19, 19, 21, 18],
[21, 12, 11, 4, 21, 0, 9, 13, 16, 16, 16, 12, 8, 11, 22, 10, 9, 3, 10, 3],
[13, 11, 3, 6, 12, 9, 0, 7, 12, 8, 11, 6, 13, 13, 14, 11, 9, 8, 11, 6],
[15, 7, 8, 9, 9, 13, 7, 0, 5, 9, 16, 12, 19, 20, 16, 9, 16, 11, 18, 10],
[19, 6, 13, 12, 12, 16, 12, 5, 0, 14, 21, 17, 23, 25, 20, 8, 21, 14, 23, 13],
[6, 16, 5, 14, 6, 16, 8, 9, 14, 0, 9, 6, 19, 17, 7, 17, 13, 16, 15, 14],
[9, 21, 8, 16, 15, 16, 11, 16, 21, 9, 0, 5, 14, 11, 9, 22, 9, 17, 9, 16],
[9, 16, 4, 11, 12, 12, 6, 12, 17, 6, 5, 0, 13, 11, 10, 17, 7, 13, 9, 11],
[22, 19, 14, 11, 24, 8, 13, 19, 23, 19, 14, 13, 0, 5, 23, 18, 6, 11, 5, 10],
[19, 22, 13, 14, 23, 11, 13, 20, 25, 17, 11, 11, 5, 0, 20, 21, 4, 14, 2, 13],
[1, 23, 11, 20, 9, 22, 14, 16, 20, 7, 9, 10, 23, 20, 0, 24, 17, 22, 18, 20],
[23, 3, 14, 7, 18, 10, 11, 9, 8, 17, 22, 17, 18, 21, 24, 0, 18, 7, 19, 8],
[16, 18, 9, 11, 19, 9, 9, 16, 21, 13, 9, 7, 6, 4, 17, 18, 0, 11, 2, 10],
[21, 9, 11, 2, 19, 3, 8, 11, 14, 16, 17, 13, 11, 14, 22, 7, 11, 0, 13, 2],
[18, 20, 11, 12, 21, 10, 11, 18, 23, 15, 9, 9, 5, 2, 18, 19, 2, 13, 0, 11],
[19, 9, 9, 1, 18, 3, 6, 10, 13, 14, 16, 11, 10, 13, 20, 8, 10, 2, 11, 0]
   ],
//setup on machine: MAQ 19
[   [0, 8, 14, 15, 5, 12, 7, 5, 9, 11, 8, 19, 9, 10, 8, 4, 13, 11, 6, 8],
[8, 0, 13, 14, 13, 7, 3, 11, 13, 17, 6, 12, 10, 10, 9, 9, 7, 3, 8, 15],
[14, 13, 0, 1, 17, 20, 16, 19, 9, 14, 8, 20, 6, 22, 21, 11, 10, 14, 19, 17],
[15, 14, 1, 0, 18, 21, 16, 20, 10, 15, 8, 20, 7, 23, 21, 12, 10, 14, 19, 18],
[5, 13, 17, 18, 0, 16, 12, 4, 10, 9, 12, 24, 12, 12, 10, 7, 18, 16, 9, 4],
[12, 7, 20, 21, 16, 0, 5, 12, 20, 22, 13, 11, 17, 6, 6, 15, 12, 7, 7, 19],
[7, 3, 16, 16, 12, 5, 0, 9, 15, 17, 8, 13, 12, 7, 6, 10, 9, 5, 5, 15],
[5, 11, 19, 20, 4, 12, 9, 0, 13, 13, 13, 22, 13, 8, 6, 9, 17, 14, 5, 8],
[9, 13, 9, 10, 10, 20, 15, 13, 0, 5, 8, 24, 4, 19, 17, 5, 15, 16, 15, 8],
[11, 17, 14, 15, 9, 22, 17, 13, 5, 0, 13, 28, 9, 20, 18, 8, 20, 20, 16, 5],
[8, 6, 8, 8, 12, 13, 8, 13, 8, 13, 0, 16, 4, 15, 13, 6, 7, 8, 11, 13],
[19, 12, 20, 20, 24, 11, 13, 22, 24, 28, 16, 0, 20, 17, 17, 21, 10, 9, 17, 27],
[9, 10, 6, 7, 12, 17, 12, 13, 4, 9, 4, 20, 0, 18, 16, 5, 11, 12, 14, 11],
[10, 10, 22, 23, 12, 6, 7, 8, 19, 20, 15, 17, 18, 0, 2, 14, 16, 12, 4, 16],
[8, 9, 21, 21, 10, 6, 6, 6, 17, 18, 13, 17, 16, 2, 0, 12, 15, 11, 2, 14],
[4, 9, 11, 12, 7, 15, 10, 9, 5, 8, 6, 21, 5, 14, 12, 0, 13, 12, 10, 7],
[13, 7, 10, 10, 18, 12, 9, 17, 15, 20, 7, 10, 11, 16, 15, 13, 0, 5, 14, 20],
[11, 3, 14, 14, 16, 7, 5, 14, 16, 20, 8, 9, 12, 12, 11, 12, 5, 0, 10, 18],
[6, 8, 19, 19, 9, 7, 5, 5, 15, 16, 11, 17, 14, 4, 2, 10, 14, 10, 0, 13],
[8, 15, 17, 18, 4, 19, 15, 8, 8, 5, 13, 27, 11, 16, 14, 7, 20, 18, 13, 0]
   ]
];