// INSTANCIA FGSSP 20x20-10
nbJobs = 20;
nbMchs = 20;

OpDurations = [
[15, 49, 12, 98, 15, 10, 98, 85, 47, 5, 98, 49, 78, 28, 9, 49, 63, 4, 22, 92]
[70, 27, 77, 94, 91, 92, 28, 76, 50, 59, 69, 15, 92, 94, 41, 45, 67, 53, 19, 4]
[6, 13, 47, 21, 59, 30, 92, 75, 69, 27, 61, 73, 46, 30, 11, 64, 1, 7, 13, 37]
[33, 67, 28, 87, 88, 54, 80, 36, 9, 24, 76, 47, 90, 72, 10, 97, 83, 72, 96, 92]
[47, 83, 77, 73, 8, 41, 9, 97, 92, 8, 86, 64, 9, 49, 98, 22, 58, 46, 2, 64]
[19, 17, 39, 26, 64, 77, 17, 74, 16, 77, 56, 89, 14, 87, 96, 82, 27, 34, 91, 61]
[60, 32, 14, 57, 83, 21, 37, 69, 85, 30, 89, 29, 90, 42, 62, 87, 1, 72, 73, 32]
[87, 27, 93, 47, 91, 84, 90, 10, 2, 47, 77, 75, 66, 13, 83, 27, 21, 4, 42, 18]
[55, 78, 26, 91, 73, 26, 55, 54, 29, 24, 94, 51, 1, 58, 36, 79, 98, 8, 56, 26]
[36, 96, 52, 2, 42, 54, 69, 59, 33, 25, 32, 36, 43, 83, 74, 76, 87, 54, 21, 88]
[97, 65, 57, 11, 80, 29, 41, 89, 53, 33, 57, 52, 92, 39, 28, 78, 80, 87, 48, 24]
[49, 64, 28, 35, 92, 12, 19, 13, 61, 72, 12, 77, 23, 8, 64, 13, 24, 15, 19, 49]
[2, 36, 21, 40, 20, 82, 56, 47, 2, 83, 25, 99, 7, 46, 5, 59, 96, 55, 91, 41]
[10, 84, 72, 6, 65, 81, 7, 77, 72, 27, 82, 21, 92, 74, 96, 19, 61, 16, 33, 71]
[72, 82, 80, 89, 65, 84, 40, 11, 60, 10, 12, 8, 85, 19, 2, 68, 7, 87, 22, 10]
[7, 17, 85, 48, 5, 72, 45, 26, 65, 30, 63, 81, 51, 26, 72, 18, 28, 31, 61, 94]
[83, 7, 63, 38, 8, 33, 90, 50, 73, 5, 29, 63, 81, 95, 53, 39, 23, 85, 79, 51]
[72, 96, 17, 26, 29, 49, 53, 18, 2, 69, 80, 69, 42, 67, 31, 99, 62, 38, 25, 75]
[61, 89, 44, 93, 60, 34, 46, 97, 67, 86, 13, 59, 77, 40, 88, 17, 17, 78, 18, 96]
[88, 21, 86, 25, 19, 65, 12, 20, 61, 92, 53, 87, 13, 40, 71, 43, 43, 44, 26, 57]
];

setup = [
//setup on machine: MAQ 0
[   [0, 20, 23, 21, 21, 14, 12, 13, 16, 11, 6, 19, 21, 11, 22, 14, 9, 15, 20, 22],
[20, 0, 13, 4, 15, 23, 20, 22, 5, 15, 17, 21, 18, 11, 4, 9, 19, 23, 6, 10],
[23, 13, 0, 17, 4, 16, 15, 16, 11, 23, 17, 11, 7, 20, 10, 18, 16, 17, 7, 3],
[21, 4, 17, 0, 19, 25, 22, 24, 8, 13, 18, 24, 22, 10, 8, 7, 21, 26, 10, 14],
[21, 15, 4, 19, 0, 13, 12, 13, 12, 23, 15, 7, 4, 20, 13, 19, 14, 13, 9, 6],
[14, 23, 16, 25, 13, 0, 3, 1, 18, 22, 9, 7, 11, 20, 22, 21, 6, 1, 19, 17],
[12, 20, 15, 22, 12, 3, 0, 2, 15, 19, 6, 8, 11, 17, 19, 18, 3, 4, 16, 16],
[13, 22, 16, 24, 13, 1, 2, 0, 17, 21, 8, 8, 11, 19, 21, 20, 5, 2, 18, 17],
[16, 5, 11, 8, 12, 18, 15, 17, 0, 13, 12, 16, 15, 9, 6, 7, 14, 19, 5, 9],
[11, 15, 23, 13, 23, 22, 19, 21, 13, 0, 13, 25, 25, 4, 18, 6, 16, 23, 18, 21],
[6, 17, 17, 18, 15, 9, 6, 8, 12, 13, 0, 13, 15, 12, 18, 13, 3, 10, 15, 16],
[19, 21, 11, 24, 7, 7, 8, 8, 16, 25, 13, 0, 4, 22, 19, 22, 11, 7, 15, 13],
[21, 18, 7, 22, 4, 11, 11, 11, 15, 25, 15, 4, 0, 22, 16, 21, 13, 11, 13, 9],
[11, 11, 20, 10, 20, 20, 17, 19, 9, 4, 12, 22, 22, 0, 14, 3, 15, 21, 14, 18],
[22, 4, 10, 8, 13, 22, 19, 21, 6, 18, 18, 19, 16, 14, 0, 12, 19, 23, 4, 7],
[14, 9, 18, 7, 19, 21, 18, 20, 7, 6, 13, 22, 21, 3, 12, 0, 16, 22, 12, 16],
[9, 19, 16, 21, 14, 6, 3, 5, 14, 16, 3, 11, 13, 15, 19, 16, 0, 7, 16, 16],
[15, 23, 17, 26, 13, 1, 4, 2, 19, 23, 10, 7, 11, 21, 23, 22, 7, 0, 19, 18],
[20, 6, 7, 10, 9, 19, 16, 18, 5, 18, 15, 15, 13, 14, 4, 12, 16, 19, 0, 4],
[22, 10, 3, 14, 6, 17, 16, 17, 9, 21, 16, 13, 9, 18, 7, 16, 16, 18, 4, 0]
   ],
//setup on machine: MAQ 1
[   [0, 15, 4, 20, 7, 8, 18, 25, 7, 21, 9, 16, 18, 4, 5, 10, 22, 6, 6, 17],
[15, 0, 17, 11, 8, 7, 22, 24, 19, 14, 12, 2, 4, 13, 11, 20, 25, 15, 10, 21],
[4, 17, 0, 21, 10, 11, 16, 23, 3, 20, 8, 18, 20, 4, 6, 7, 20, 4, 7, 15],
[20, 11, 21, 0, 16, 15, 16, 14, 21, 4, 13, 9, 9, 17, 15, 19, 17, 17, 14, 15],
[7, 8, 10, 16, 0, 1, 19, 24, 12, 17, 8, 9, 11, 6, 5, 14, 23, 9, 4, 18],
[8, 7, 11, 15, 1, 0, 20, 24, 13, 17, 9, 9, 10, 7, 6, 15, 23, 10, 5, 19],
[18, 22, 16, 16, 19, 20, 0, 9, 13, 13, 11, 21, 22, 15, 15, 9, 4, 12, 15, 1],
[25, 24, 23, 14, 24, 24, 9, 0, 21, 10, 17, 22, 22, 22, 21, 18, 6, 19, 21, 9],
[7, 19, 3, 21, 12, 13, 13, 21, 0, 20, 8, 19, 21, 6, 8, 4, 17, 4, 9, 13],
[21, 14, 20, 4, 17, 17, 13, 10, 20, 0, 12, 12, 12, 17, 16, 17, 14, 16, 15, 12],
[9, 12, 8, 13, 8, 9, 11, 17, 8, 12, 0, 12, 14, 5, 4, 8, 15, 4, 4, 10],
[16, 2, 18, 9, 9, 9, 21, 22, 19, 12, 12, 0, 2, 14, 12, 20, 23, 16, 11, 20],
[18, 4, 20, 9, 11, 10, 22, 22, 21, 12, 14, 2, 0, 16, 14, 22, 24, 17, 13, 21],
[4, 13, 4, 17, 6, 7, 15, 22, 6, 17, 5, 14, 16, 0, 2, 8, 19, 3, 3, 14],
[5, 11, 6, 15, 5, 6, 15, 21, 8, 16, 4, 12, 14, 2, 0, 9, 19, 4, 1, 14],
[10, 20, 7, 19, 14, 15, 9, 18, 4, 17, 8, 20, 22, 8, 9, 0, 13, 5, 10, 9],
[22, 25, 20, 17, 23, 23, 4, 6, 17, 14, 15, 23, 24, 19, 19, 13, 0, 16, 19, 5],
[6, 15, 4, 17, 9, 10, 12, 19, 4, 16, 4, 16, 17, 3, 4, 5, 16, 0, 5, 11],
[6, 10, 7, 14, 4, 5, 15, 21, 9, 15, 4, 11, 13, 3, 1, 10, 19, 5, 0, 14],
[17, 21, 15, 15, 18, 19, 1, 9, 13, 12, 10, 20, 21, 14, 14, 9, 5, 11, 14, 0]
   ],
//setup on machine: MAQ 2
[   [0, 20, 13, 13, 21, 6, 9, 17, 8, 16, 15, 4, 19, 9, 18, 18, 20, 19, 15, 22],
[20, 0, 10, 24, 6, 19, 19, 9, 12, 12, 13, 16, 2, 14, 14, 8, 2, 15, 6, 7],
[13, 10, 0, 14, 14, 15, 17, 14, 5, 4, 15, 9, 11, 12, 7, 5, 9, 8, 4, 15],
[13, 24, 14, 0, 28, 19, 22, 27, 14, 14, 25, 14, 25, 20, 14, 18, 23, 14, 18, 29],
[21, 6, 14, 28, 0, 18, 17, 5, 15, 17, 9, 17, 4, 13, 20, 13, 8, 21, 11, 1],
[6, 19, 15, 19, 18, 0, 3, 13, 10, 19, 10, 6, 17, 5, 22, 19, 19, 22, 16, 18],
[9, 19, 17, 22, 17, 3, 0, 12, 12, 21, 8, 9, 17, 5, 24, 21, 20, 25, 17, 17],
[17, 9, 14, 27, 5, 13, 12, 0, 13, 18, 4, 14, 7, 9, 21, 15, 11, 22, 12, 5],
[8, 12, 5, 14, 15, 10, 12, 13, 0, 9, 12, 4, 12, 8, 12, 10, 12, 13, 7, 16],
[16, 12, 4, 14, 17, 19, 21, 18, 9, 0, 19, 13, 13, 16, 3, 5, 11, 4, 6, 18],
[15, 13, 15, 25, 9, 10, 8, 4, 12, 19, 0, 12, 11, 6, 22, 17, 14, 23, 14, 9],
[4, 16, 9, 14, 17, 6, 9, 14, 4, 13, 12, 0, 15, 7, 16, 14, 16, 16, 11, 18],
[19, 2, 11, 25, 4, 17, 17, 7, 12, 13, 11, 15, 0, 12, 16, 9, 4, 17, 7, 5],
[9, 14, 12, 20, 13, 5, 5, 9, 8, 16, 6, 7, 12, 0, 19, 16, 15, 20, 12, 13],
[18, 14, 7, 14, 20, 22, 24, 21, 12, 3, 22, 16, 16, 19, 0, 7, 13, 1, 9, 21],
[18, 8, 5, 18, 13, 19, 21, 15, 10, 5, 17, 14, 9, 16, 7, 0, 6, 8, 4, 14],
[20, 2, 9, 23, 8, 19, 20, 11, 12, 11, 14, 16, 4, 15, 13, 6, 0, 13, 5, 9],
[19, 15, 8, 14, 21, 22, 25, 22, 13, 4, 23, 16, 17, 20, 1, 8, 13, 0, 10, 22],
[15, 6, 4, 18, 11, 16, 17, 12, 7, 6, 14, 11, 7, 12, 9, 4, 5, 10, 0, 12],
[22, 7, 15, 29, 1, 18, 17, 5, 16, 18, 9, 18, 5, 13, 21, 14, 9, 22, 12, 0]
   ],
//setup on machine: MAQ 3
[   [0, 3, 9, 5, 12, 7, 4, 19, 9, 11, 6, 6, 12, 5, 14, 1, 19, 14, 5, 15],
[3, 0, 12, 8, 9, 8, 6, 16, 10, 9, 9, 7, 11, 4, 12, 2, 16, 11, 5, 15],
[9, 12, 0, 4, 20, 12, 9, 28, 8, 18, 3, 8, 13, 11, 20, 10, 28, 23, 13, 15],
[5, 8, 4, 0, 16, 9, 5, 24, 8, 15, 1, 6, 12, 8, 17, 6, 24, 19, 9, 15],
[12, 9, 20, 16, 0, 16, 15, 9, 15, 3, 17, 13, 12, 9, 6, 11, 9, 4, 13, 15],
[7, 8, 12, 9, 16, 0, 4, 21, 16, 17, 10, 13, 18, 12, 20, 8, 22, 17, 3, 22],
[4, 6, 9, 5, 15, 4, 0, 21, 12, 15, 6, 9, 15, 9, 18, 5, 22, 17, 4, 18],
[19, 16, 28, 24, 9, 21, 21, 0, 24, 12, 25, 21, 21, 17, 14, 18, 2, 5, 18, 24],
[9, 10, 8, 8, 15, 16, 12, 24, 0, 13, 7, 3, 5, 7, 13, 9, 23, 19, 14, 7],
[11, 9, 18, 15, 3, 17, 15, 12, 13, 0, 16, 11, 9, 7, 4, 10, 11, 7, 14, 12],
[6, 9, 3, 1, 17, 10, 6, 25, 7, 16, 0, 6, 12, 9, 17, 7, 25, 20, 10, 14],
[6, 7, 8, 6, 13, 13, 9, 21, 3, 11, 6, 0, 6, 4, 12, 6, 21, 16, 11, 9],
[12, 11, 13, 12, 12, 18, 15, 21, 5, 9, 12, 6, 0, 7, 8, 11, 20, 16, 16, 4],
[5, 4, 11, 8, 9, 12, 9, 17, 7, 7, 9, 4, 7, 0, 9, 4, 17, 12, 9, 11],
[14, 12, 20, 17, 6, 20, 18, 14, 13, 4, 17, 12, 8, 9, 0, 13, 13, 10, 17, 10],
[1, 2, 10, 6, 11, 8, 5, 18, 9, 10, 7, 6, 11, 4, 13, 0, 18, 13, 6, 14],
[19, 16, 28, 24, 9, 22, 22, 2, 23, 11, 25, 21, 20, 17, 13, 18, 0, 5, 19, 23],
[14, 11, 23, 19, 4, 17, 17, 5, 19, 7, 20, 16, 16, 12, 10, 13, 5, 0, 14, 19],
[5, 5, 13, 9, 13, 3, 4, 18, 14, 14, 10, 11, 16, 9, 17, 6, 19, 14, 0, 20],
[15, 15, 15, 15, 15, 22, 18, 24, 7, 12, 14, 9, 4, 11, 10, 14, 23, 19, 20, 0]
   ],
//setup on machine: MAQ 4
[   [0, 21, 3, 19, 16, 20, 19, 11, 21, 10, 8, 20, 23, 13, 18, 11, 17, 19, 7, 19],
[21, 0, 18, 6, 9, 11, 9, 14, 1, 14, 18, 7, 2, 18, 15, 17, 4, 2, 22, 9],
[3, 18, 0, 17, 13, 18, 17, 9, 18, 8, 7, 17, 20, 12, 16, 10, 14, 16, 7, 16],
[19, 6, 17, 0, 12, 5, 3, 16, 7, 10, 14, 12, 8, 13, 9, 13, 6, 6, 22, 14],
[16, 9, 13, 12, 0, 16, 15, 6, 8, 13, 16, 4, 10, 18, 18, 17, 6, 7, 14, 4],
[20, 11, 18, 5, 16, 0, 2, 20, 12, 10, 13, 17, 13, 10, 4, 11, 11, 11, 24, 19],
[19, 9, 17, 3, 15, 2, 0, 18, 10, 9, 13, 15, 11, 10, 6, 11, 9, 9, 23, 17],
[11, 14, 9, 16, 6, 20, 18, 0, 14, 13, 14, 10, 16, 18, 20, 16, 11, 13, 8, 8],
[21, 1, 18, 7, 8, 12, 10, 14, 0, 14, 18, 6, 2, 18, 16, 18, 4, 2, 21, 9],
[10, 14, 8, 10, 13, 10, 9, 13, 14, 0, 4, 16, 16, 5, 8, 4, 11, 12, 15, 17],
[8, 18, 7, 14, 16, 13, 13, 14, 18, 4, 0, 19, 20, 5, 10, 3, 14, 16, 14, 19],
[20, 7, 17, 12, 4, 17, 15, 10, 6, 16, 19, 0, 7, 21, 19, 19, 6, 6, 18, 3],
[23, 2, 20, 8, 10, 13, 11, 16, 2, 16, 20, 7, 0, 20, 17, 19, 6, 4, 23, 10],
[13, 18, 12, 13, 18, 10, 10, 18, 18, 5, 5, 21, 20, 0, 6, 2, 15, 16, 19, 22],
[18, 15, 16, 9, 18, 4, 6, 20, 16, 8, 10, 19, 17, 6, 0, 8, 13, 14, 23, 21],
[11, 17, 10, 13, 17, 11, 11, 16, 18, 4, 3, 19, 19, 2, 8, 0, 14, 16, 17, 20],
[17, 4, 14, 6, 6, 11, 9, 11, 4, 11, 14, 6, 6, 15, 13, 14, 0, 2, 18, 8],
[19, 2, 16, 6, 7, 11, 9, 13, 2, 12, 16, 6, 4, 16, 14, 16, 2, 0, 20, 9],
[7, 22, 7, 22, 14, 24, 23, 8, 21, 15, 14, 18, 23, 19, 23, 17, 18, 20, 0, 16],
[19, 9, 16, 14, 4, 19, 17, 8, 9, 17, 19, 3, 10, 22, 21, 20, 8, 9, 16, 0]
   ],
//setup on machine: MAQ 5
[   [0, 10, 2, 15, 8, 12, 24, 11, 18, 24, 6, 5, 12, 10, 17, 18, 6, 11, 24, 22],
[10, 0, 11, 12, 10, 13, 21, 2, 14, 16, 4, 7, 17, 3, 17, 12, 8, 7, 22, 14],
[2, 11, 0, 15, 7, 11, 23, 13, 18, 25, 8, 5, 10, 12, 16, 18, 8, 11, 24, 22],
[15, 12, 15, 0, 8, 6, 9, 14, 3, 13, 12, 10, 12, 15, 6, 5, 18, 5, 10, 10],
[8, 10, 7, 8, 0, 4, 16, 12, 11, 19, 7, 4, 7, 12, 9, 12, 12, 6, 17, 17],
[12, 13, 11, 6, 4, 0, 13, 15, 9, 19, 11, 8, 6, 16, 5, 11, 16, 7, 13, 16],
[24, 21, 23, 9, 16, 13, 0, 22, 7, 14, 21, 19, 17, 23, 8, 9, 27, 14, 2, 12],
[11, 2, 13, 14, 12, 15, 22, 0, 15, 16, 5, 9, 19, 2, 19, 13, 9, 9, 23, 14],
[18, 14, 18, 3, 11, 9, 7, 15, 0, 10, 14, 13, 15, 16, 8, 3, 20, 7, 9, 8],
[24, 16, 25, 13, 19, 19, 14, 16, 10, 0, 18, 20, 25, 18, 18, 8, 24, 14, 16, 3],
[6, 4, 8, 12, 7, 11, 21, 5, 14, 18, 0, 4, 14, 5, 16, 13, 6, 7, 22, 16],
[5, 7, 5, 10, 4, 8, 19, 9, 13, 20, 4, 0, 10, 9, 13, 13, 8, 6, 20, 17],
[12, 17, 10, 12, 7, 6, 17, 19, 15, 25, 14, 10, 0, 19, 9, 17, 17, 12, 17, 22],
[10, 3, 12, 15, 12, 16, 23, 2, 16, 18, 5, 9, 19, 0, 20, 15, 7, 10, 25, 16],
[17, 17, 16, 6, 9, 5, 8, 19, 8, 18, 16, 13, 9, 20, 0, 10, 21, 10, 8, 15],
[18, 12, 18, 5, 12, 11, 9, 13, 3, 8, 13, 13, 17, 15, 10, 0, 19, 7, 11, 5],
[6, 8, 8, 18, 12, 16, 27, 9, 20, 24, 6, 8, 17, 7, 21, 19, 0, 13, 28, 22],
[11, 7, 11, 5, 6, 7, 14, 9, 7, 14, 7, 6, 12, 10, 10, 7, 13, 0, 15, 11],
[24, 22, 24, 10, 17, 13, 2, 23, 9, 16, 22, 20, 17, 25, 8, 11, 28, 15, 0, 14],
[22, 14, 22, 10, 17, 16, 12, 14, 8, 3, 16, 17, 22, 16, 15, 5, 22, 11, 14, 0]
   ],
//setup on machine: MAQ 6
[   [0, 25, 19, 8, 9, 9, 4, 14, 17, 20, 21, 24, 16, 23, 12, 21, 23, 2, 12, 2],
[25, 0, 7, 17, 21, 20, 25, 18, 9, 13, 10, 6, 20, 5, 20, 6, 7, 24, 17, 23],
[19, 7, 0, 13, 18, 14, 20, 11, 7, 7, 12, 5, 13, 4, 17, 2, 4, 18, 14, 18],
[8, 17, 13, 0, 6, 10, 8, 13, 9, 16, 13, 17, 16, 17, 7, 15, 17, 8, 5, 6],
[9, 21, 18, 6, 0, 15, 6, 19, 13, 22, 15, 23, 21, 22, 3, 20, 22, 10, 5, 7],
[9, 20, 14, 10, 15, 0, 12, 5, 15, 12, 21, 18, 7, 17, 16, 15, 16, 7, 15, 9],
[4, 25, 20, 8, 6, 12, 0, 17, 17, 22, 20, 25, 19, 24, 9, 22, 24, 5, 10, 3],
[14, 18, 11, 13, 19, 5, 17, 0, 15, 7, 21, 14, 3, 14, 20, 12, 12, 12, 17, 14],
[17, 9, 7, 9, 13, 15, 17, 15, 0, 14, 6, 11, 18, 10, 11, 9, 11, 16, 8, 15],
[20, 13, 7, 16, 22, 12, 22, 7, 14, 0, 19, 8, 8, 8, 22, 7, 6, 18, 19, 19],
[21, 10, 12, 13, 15, 21, 20, 21, 6, 19, 0, 15, 24, 14, 12, 13, 15, 21, 10, 19],
[24, 6, 5, 17, 23, 18, 25, 14, 11, 8, 15, 0, 16, 1, 22, 3, 2, 23, 19, 23],
[16, 20, 13, 16, 21, 7, 19, 3, 18, 8, 24, 16, 0, 16, 22, 14, 14, 14, 20, 16],
[23, 5, 4, 17, 22, 17, 24, 14, 10, 8, 14, 1, 16, 0, 21, 2, 2, 22, 18, 22],
[12, 20, 17, 7, 3, 16, 9, 20, 11, 22, 12, 22, 22, 21, 0, 19, 21, 13, 3, 10],
[21, 6, 2, 15, 20, 15, 22, 12, 9, 7, 13, 3, 14, 2, 19, 0, 2, 20, 16, 20],
[23, 7, 4, 17, 22, 16, 24, 12, 11, 6, 15, 2, 14, 2, 21, 2, 0, 21, 18, 21],
[2, 24, 18, 8, 10, 7, 5, 12, 16, 18, 21, 23, 14, 22, 13, 20, 21, 0, 12, 3],
[12, 17, 14, 5, 5, 15, 10, 17, 8, 19, 10, 19, 20, 18, 3, 16, 18, 12, 0, 10],
[2, 23, 18, 6, 7, 9, 3, 14, 15, 19, 19, 23, 16, 22, 10, 20, 21, 3, 10, 0]
   ],
//setup on machine: MAQ 7
[   [0, 10, 14, 11, 8, 5, 7, 8, 12, 9, 12, 16, 16, 9, 10, 9, 10, 14, 18, 16],
[10, 0, 23, 16, 17, 7, 13, 18, 21, 16, 21, 25, 25, 19, 19, 10, 20, 24, 21, 19],
[14, 23, 0, 12, 6, 17, 17, 10, 3, 16, 14, 4, 3, 10, 4, 17, 5, 1, 17, 17],
[11, 16, 12, 0, 9, 10, 18, 15, 9, 19, 20, 16, 15, 16, 9, 7, 12, 13, 7, 6],
[8, 17, 6, 9, 0, 11, 12, 7, 4, 12, 12, 9, 9, 8, 2, 11, 4, 7, 15, 14],
[5, 7, 17, 10, 11, 0, 11, 13, 14, 14, 17, 19, 19, 14, 13, 5, 14, 18, 16, 14],
[7, 13, 17, 18, 12, 11, 0, 8, 16, 3, 8, 17, 18, 8, 14, 16, 12, 17, 25, 23],
[8, 18, 10, 15, 7, 13, 8, 0, 10, 6, 5, 9, 10, 1, 8, 16, 5, 10, 22, 21],
[12, 21, 3, 9, 4, 14, 16, 10, 0, 16, 14, 7, 6, 10, 2, 14, 5, 4, 15, 14],
[9, 16, 16, 19, 12, 14, 3, 6, 16, 0, 5, 15, 16, 6, 14, 18, 11, 16, 26, 25],
[12, 21, 14, 20, 12, 17, 8, 5, 14, 5, 0, 12, 13, 4, 13, 21, 9, 14, 27, 26],
[16, 25, 4, 16, 9, 19, 17, 9, 7, 15, 12, 0, 1, 9, 7, 20, 6, 3, 21, 21],
[16, 25, 3, 15, 9, 19, 18, 10, 6, 16, 13, 1, 0, 10, 7, 20, 6, 2, 20, 20],
[9, 19, 10, 16, 8, 14, 8, 1, 10, 6, 4, 9, 10, 0, 9, 17, 5, 10, 23, 22],
[10, 19, 4, 9, 2, 13, 14, 8, 2, 14, 13, 7, 7, 9, 0, 13, 4, 5, 15, 15],
[9, 10, 17, 7, 11, 5, 16, 16, 14, 18, 21, 20, 20, 17, 13, 0, 15, 18, 11, 9],
[10, 20, 5, 12, 4, 14, 12, 5, 5, 11, 9, 6, 6, 5, 4, 15, 0, 5, 19, 18],
[14, 24, 1, 13, 7, 18, 17, 10, 4, 16, 14, 3, 2, 10, 5, 18, 5, 0, 18, 18],
[18, 21, 17, 7, 15, 16, 25, 22, 15, 26, 27, 21, 20, 23, 15, 11, 19, 18, 0, 2],
[16, 19, 17, 6, 14, 14, 23, 21, 14, 25, 26, 21, 20, 22, 15, 9, 18, 18, 2, 0]
   ],
//setup on machine: MAQ 8
[   [0, 17, 9, 12, 14, 14, 5, 3, 9, 1, 9, 4, 4, 13, 9, 16, 5, 12, 7, 4],
[17, 0, 22, 21, 8, 16, 18, 18, 19, 16, 23, 20, 19, 18, 23, 13, 21, 28, 14, 15],
[9, 22, 0, 5, 16, 11, 13, 6, 17, 10, 14, 5, 5, 8, 15, 15, 6, 9, 16, 13],
[12, 21, 5, 0, 13, 6, 17, 9, 21, 13, 19, 10, 9, 3, 20, 11, 11, 14, 18, 16],
[14, 8, 16, 13, 0, 9, 18, 14, 20, 14, 22, 16, 15, 11, 23, 5, 17, 24, 15, 15],
[14, 16, 11, 6, 9, 0, 19, 13, 23, 15, 22, 14, 13, 3, 23, 5, 15, 20, 19, 17],
[5, 18, 13, 17, 18, 19, 0, 8, 4, 4, 5, 8, 8, 18, 5, 21, 8, 13, 5, 3],
[3, 18, 6, 9, 14, 13, 8, 0, 12, 4, 10, 2, 1, 11, 11, 15, 3, 10, 10, 7],
[9, 19, 17, 21, 20, 23, 4, 12, 0, 8, 6, 12, 12, 22, 6, 24, 12, 17, 5, 6],
[1, 16, 10, 13, 14, 15, 4, 4, 8, 0, 8, 5, 5, 14, 9, 17, 6, 13, 6, 3],
[9, 23, 14, 19, 22, 22, 5, 10, 6, 8, 0, 9, 10, 21, 1, 25, 9, 11, 10, 8],
[4, 20, 5, 10, 16, 14, 8, 2, 12, 5, 9, 0, 1, 12, 10, 17, 1, 8, 11, 8],
[4, 19, 5, 9, 15, 13, 8, 1, 12, 5, 10, 1, 0, 11, 11, 16, 2, 9, 11, 8],
[13, 18, 8, 3, 11, 3, 18, 11, 22, 14, 21, 12, 11, 0, 21, 8, 13, 17, 18, 16],
[9, 23, 15, 20, 23, 23, 5, 11, 6, 9, 1, 10, 11, 21, 0, 25, 9, 12, 9, 8],
[16, 13, 15, 11, 5, 5, 21, 15, 24, 17, 25, 17, 16, 8, 25, 0, 18, 24, 19, 18],
[5, 21, 6, 11, 17, 15, 8, 3, 12, 6, 9, 1, 2, 13, 9, 18, 0, 7, 12, 9],
[12, 28, 9, 14, 24, 20, 13, 10, 17, 13, 11, 8, 9, 17, 12, 24, 7, 0, 18, 15],
[7, 14, 16, 18, 15, 19, 5, 10, 5, 6, 10, 11, 11, 18, 9, 19, 12, 18, 0, 3],
[4, 15, 13, 16, 15, 17, 3, 7, 6, 3, 8, 8, 8, 16, 8, 18, 9, 15, 3, 0]
   ],
//setup on machine: MAQ 9
[   [0, 8, 15, 9, 11, 9, 4, 16, 4, 5, 11, 15, 9, 7, 17, 9, 13, 9, 10, 15],
[8, 0, 9, 16, 4, 13, 6, 11, 5, 10, 17, 18, 5, 15, 12, 15, 8, 10, 16, 8],
[15, 9, 0, 21, 11, 15, 12, 4, 11, 14, 20, 16, 6, 21, 18, 23, 2, 19, 25, 14],
[9, 16, 21, 0, 20, 6, 10, 20, 11, 7, 3, 12, 15, 5, 26, 11, 19, 16, 13, 24],
[11, 4, 11, 20, 0, 17, 10, 14, 9, 14, 21, 22, 9, 18, 8, 17, 11, 10, 17, 4],
[9, 13, 15, 6, 17, 0, 7, 14, 8, 4, 5, 7, 10, 10, 24, 15, 13, 17, 17, 21],
[4, 6, 12, 10, 10, 7, 0, 12, 1, 4, 11, 13, 6, 10, 17, 12, 10, 11, 14, 14],
[16, 11, 4, 20, 14, 14, 12, 0, 12, 13, 19, 13, 7, 21, 21, 24, 3, 21, 26, 17],
[4, 5, 11, 11, 9, 8, 1, 12, 0, 5, 12, 14, 6, 10, 16, 12, 10, 10, 14, 13],
[5, 10, 14, 7, 14, 4, 4, 13, 5, 0, 7, 10, 8, 8, 21, 13, 12, 14, 15, 18],
[11, 17, 20, 3, 21, 5, 11, 19, 12, 7, 0, 9, 15, 8, 27, 14, 18, 19, 16, 25],
[15, 18, 16, 12, 22, 7, 13, 13, 14, 10, 9, 0, 13, 16, 29, 22, 14, 24, 24, 26],
[9, 5, 6, 15, 9, 10, 6, 7, 6, 8, 15, 13, 0, 16, 17, 18, 4, 15, 19, 13],
[7, 15, 21, 5, 18, 10, 10, 21, 10, 8, 8, 16, 16, 0, 22, 6, 20, 12, 8, 21],
[17, 12, 18, 26, 8, 24, 17, 21, 16, 21, 27, 29, 17, 22, 0, 19, 18, 11, 19, 4],
[9, 15, 23, 11, 17, 15, 12, 24, 12, 13, 14, 22, 18, 6, 19, 0, 22, 8, 2, 19],
[13, 8, 2, 19, 11, 13, 10, 3, 10, 12, 18, 14, 4, 20, 18, 22, 0, 18, 23, 15],
[9, 10, 19, 16, 10, 17, 11, 21, 10, 14, 19, 24, 15, 12, 11, 8, 18, 0, 8, 11],
[10, 16, 25, 13, 17, 17, 14, 26, 14, 15, 16, 24, 19, 8, 19, 2, 23, 8, 0, 19],
[15, 8, 14, 24, 4, 21, 14, 17, 13, 18, 25, 26, 13, 21, 4, 19, 15, 11, 19, 0]
   ],
//setup on machine: MAQ 10
[   [0, 18, 12, 22, 12, 23, 15, 1, 7, 21, 8, 22, 23, 4, 23, 22, 22, 17, 19, 21],
[18, 0, 11, 5, 6, 18, 24, 19, 23, 3, 11, 4, 10, 19, 14, 16, 18, 4, 7, 18],
[12, 11, 0, 12, 7, 12, 14, 11, 13, 13, 4, 15, 11, 14, 12, 11, 12, 12, 8, 11],
[22, 5, 12, 0, 10, 16, 25, 22, 25, 3, 14, 6, 6, 23, 11, 14, 16, 9, 5, 17],
[12, 6, 7, 10, 0, 18, 20, 13, 17, 9, 6, 10, 13, 13, 16, 16, 18, 5, 9, 17],
[23, 18, 12, 16, 18, 0, 15, 22, 21, 18, 16, 21, 10, 26, 5, 2, 1, 21, 11, 3],
[15, 24, 14, 25, 20, 15, 0, 14, 9, 26, 15, 28, 21, 19, 19, 15, 14, 25, 20, 12],
[1, 19, 11, 22, 13, 22, 14, 0, 6, 22, 8, 22, 22, 5, 23, 21, 21, 17, 19, 20],
[7, 23, 13, 25, 17, 21, 9, 6, 0, 25, 12, 27, 24, 11, 23, 21, 20, 22, 21, 18],
[21, 3, 13, 3, 9, 18, 26, 22, 25, 0, 14, 3, 9, 22, 14, 16, 18, 7, 7, 19],
[8, 11, 4, 14, 6, 16, 15, 8, 12, 14, 0, 15, 15, 10, 16, 15, 16, 11, 11, 15],
[22, 4, 15, 6, 10, 21, 28, 22, 27, 3, 15, 0, 12, 22, 17, 19, 21, 6, 10, 22],
[23, 10, 11, 6, 13, 10, 21, 22, 24, 9, 15, 12, 0, 25, 5, 8, 10, 14, 4, 11],
[4, 19, 14, 23, 13, 26, 19, 5, 11, 22, 10, 22, 25, 0, 26, 25, 25, 16, 21, 24],
[23, 14, 12, 11, 16, 5, 19, 23, 23, 14, 16, 17, 5, 26, 0, 4, 6, 18, 7, 7],
[22, 16, 11, 14, 16, 2, 15, 21, 21, 16, 15, 19, 8, 25, 4, 0, 2, 19, 9, 4],
[22, 18, 12, 16, 18, 1, 14, 21, 20, 18, 16, 21, 10, 25, 6, 2, 0, 21, 11, 2],
[17, 4, 12, 9, 5, 21, 25, 17, 22, 7, 11, 6, 14, 16, 18, 19, 21, 0, 11, 21],
[19, 7, 8, 5, 9, 11, 20, 19, 21, 7, 11, 10, 4, 21, 7, 9, 11, 11, 0, 12],
[21, 18, 11, 17, 17, 3, 12, 20, 18, 19, 15, 22, 11, 24, 7, 4, 2, 21, 12, 0]
   ],
//setup on machine: MAQ 11
[   [0, 14, 17, 20, 4, 2, 17, 12, 22, 19, 18, 19, 16, 18, 1, 5, 7, 18, 14, 21],
[14, 0, 4, 25, 10, 16, 27, 2, 18, 18, 19, 28, 9, 20, 13, 18, 8, 28, 18, 22],
[17, 4, 0, 24, 13, 19, 28, 5, 16, 17, 18, 29, 8, 20, 16, 20, 10, 29, 18, 21],
[20, 25, 24, 0, 22, 21, 10, 24, 13, 9, 7, 9, 17, 5, 20, 17, 19, 9, 7, 6],
[4, 10, 13, 22, 0, 6, 21, 8, 21, 19, 19, 22, 13, 19, 4, 9, 4, 21, 15, 22],
[2, 16, 19, 21, 6, 0, 16, 14, 23, 21, 19, 18, 17, 19, 3, 4, 9, 17, 14, 22],
[17, 27, 28, 10, 21, 16, 0, 25, 21, 17, 15, 2, 22, 13, 17, 12, 20, 1, 10, 15],
[12, 2, 5, 24, 8, 14, 25, 0, 18, 18, 18, 27, 9, 20, 11, 16, 6, 26, 17, 21],
[22, 18, 16, 13, 21, 23, 21, 18, 0, 4, 6, 21, 9, 8, 21, 22, 17, 21, 11, 7],
[19, 18, 17, 9, 19, 21, 17, 18, 4, 0, 2, 17, 9, 4, 19, 18, 16, 17, 8, 4],
[18, 19, 18, 7, 19, 19, 15, 18, 6, 2, 0, 15, 10, 2, 18, 17, 15, 15, 6, 3],
[19, 28, 29, 9, 22, 18, 2, 27, 21, 17, 15, 0, 23, 13, 19, 14, 21, 1, 11, 15],
[16, 9, 8, 17, 13, 17, 22, 9, 9, 9, 10, 23, 0, 12, 15, 17, 9, 22, 12, 13],
[18, 20, 20, 5, 19, 19, 13, 20, 8, 4, 2, 13, 12, 0, 18, 16, 16, 13, 5, 3],
[1, 13, 16, 20, 4, 3, 17, 11, 21, 19, 18, 19, 15, 18, 0, 6, 6, 18, 13, 21],
[5, 18, 20, 17, 9, 4, 12, 16, 22, 18, 17, 14, 17, 16, 6, 0, 10, 13, 11, 19],
[7, 8, 10, 19, 4, 9, 20, 6, 17, 16, 15, 21, 9, 16, 6, 10, 0, 21, 12, 18],
[18, 28, 29, 9, 21, 17, 1, 26, 21, 17, 15, 1, 22, 13, 18, 13, 21, 0, 11, 15],
[14, 18, 18, 7, 15, 14, 10, 17, 11, 8, 6, 11, 12, 5, 13, 11, 12, 11, 0, 8],
[21, 22, 21, 6, 22, 22, 15, 21, 7, 4, 3, 15, 13, 3, 21, 19, 18, 15, 8, 0]
   ],
//setup on machine: MAQ 12
[   [0, 21, 16, 11, 11, 22, 5, 9, 11, 16, 16, 18, 16, 20, 10, 19, 20, 4, 7, 15],
[21, 0, 12, 16, 13, 9, 26, 13, 15, 7, 8, 6, 25, 19, 17, 24, 12, 20, 17, 20],
[16, 12, 0, 19, 5, 20, 21, 7, 5, 6, 4, 15, 28, 26, 7, 29, 21, 18, 17, 24],
[11, 16, 19, 0, 15, 13, 15, 13, 17, 15, 17, 11, 9, 9, 17, 10, 10, 8, 4, 5],
[11, 13, 5, 15, 0, 19, 16, 2, 2, 6, 6, 14, 23, 23, 4, 25, 19, 13, 13, 20],
[22, 9, 20, 13, 19, 0, 27, 18, 21, 14, 16, 5, 19, 11, 22, 18, 4, 20, 16, 14],
[5, 26, 21, 15, 16, 27, 0, 14, 16, 21, 21, 23, 17, 23, 14, 20, 24, 7, 11, 17],
[9, 13, 7, 13, 2, 18, 14, 0, 4, 7, 7, 14, 21, 21, 4, 23, 18, 11, 11, 18],
[11, 15, 5, 17, 2, 21, 16, 4, 0, 8, 7, 16, 25, 25, 2, 26, 21, 14, 14, 22],
[16, 7, 6, 15, 6, 14, 21, 7, 8, 0, 2, 9, 24, 21, 10, 24, 15, 16, 14, 19],
[16, 8, 4, 17, 6, 16, 21, 7, 7, 2, 0, 11, 26, 23, 9, 26, 17, 17, 16, 21],
[18, 6, 15, 11, 14, 5, 23, 14, 16, 9, 11, 0, 19, 13, 17, 19, 6, 17, 13, 14],
[16, 25, 28, 9, 23, 19, 17, 21, 25, 24, 26, 19, 0, 9, 24, 3, 15, 12, 11, 5],
[20, 19, 26, 9, 23, 11, 23, 21, 25, 21, 23, 13, 9, 0, 25, 7, 7, 16, 13, 6],
[10, 17, 7, 17, 4, 22, 14, 4, 2, 10, 9, 17, 24, 25, 0, 26, 22, 13, 14, 21],
[19, 24, 29, 10, 25, 18, 20, 23, 26, 24, 26, 19, 3, 7, 26, 0, 14, 15, 13, 5],
[20, 12, 21, 10, 19, 4, 24, 18, 21, 15, 17, 6, 15, 7, 22, 14, 0, 17, 14, 10],
[4, 20, 18, 8, 13, 20, 7, 11, 14, 16, 17, 17, 12, 16, 13, 15, 17, 0, 4, 11],
[7, 17, 17, 4, 13, 16, 11, 11, 14, 14, 16, 13, 11, 13, 14, 13, 14, 4, 0, 8],
[15, 20, 24, 5, 20, 14, 17, 18, 22, 19, 21, 14, 5, 6, 21, 5, 10, 11, 8, 0]
   ],
//setup on machine: MAQ 13
[   [0, 13, 5, 20, 12, 8, 19, 13, 9, 12, 10, 12, 3, 13, 22, 15, 9, 11, 4, 13],
[13, 0, 13, 18, 6, 15, 13, 21, 19, 12, 8, 14, 12, 4, 22, 2, 12, 22, 9, 14],
[5, 13, 0, 24, 14, 13, 22, 18, 13, 16, 7, 16, 7, 14, 27, 15, 4, 16, 6, 17],
[20, 18, 24, 0, 12, 13, 6, 13, 16, 8, 23, 8, 17, 14, 4, 17, 26, 17, 18, 7],
[12, 6, 14, 12, 0, 10, 9, 16, 14, 6, 12, 8, 9, 3, 16, 6, 15, 17, 8, 8],
[8, 15, 13, 13, 10, 0, 14, 6, 4, 7, 16, 5, 6, 13, 15, 16, 16, 7, 9, 6],
[19, 13, 22, 6, 9, 14, 0, 17, 18, 8, 20, 9, 16, 10, 9, 12, 23, 20, 16, 9],
[13, 21, 18, 13, 16, 6, 17, 0, 5, 10, 22, 8, 12, 18, 14, 21, 21, 4, 15, 9],
[9, 19, 13, 16, 14, 4, 18, 5, 0, 11, 18, 9, 8, 17, 18, 20, 17, 3, 11, 10],
[12, 12, 16, 8, 6, 7, 8, 10, 11, 0, 16, 2, 9, 9, 11, 12, 18, 13, 10, 2],
[10, 8, 7, 23, 12, 16, 20, 22, 18, 16, 0, 17, 10, 10, 27, 10, 4, 21, 7, 18],
[12, 14, 16, 8, 8, 5, 9, 8, 9, 2, 17, 0, 9, 11, 11, 14, 18, 11, 11, 1],
[3, 12, 7, 17, 9, 6, 16, 12, 8, 9, 10, 9, 0, 11, 20, 13, 10, 11, 3, 10],
[13, 4, 14, 14, 3, 13, 10, 18, 17, 9, 10, 11, 11, 0, 18, 3, 14, 20, 9, 11],
[22, 22, 27, 4, 16, 15, 9, 14, 18, 11, 27, 11, 20, 18, 0, 21, 29, 18, 21, 10],
[15, 2, 15, 17, 6, 16, 12, 21, 20, 12, 10, 14, 13, 3, 21, 0, 14, 22, 11, 14],
[9, 12, 4, 26, 15, 16, 23, 21, 17, 18, 4, 18, 10, 14, 29, 14, 0, 20, 8, 19],
[11, 22, 16, 17, 17, 7, 20, 4, 3, 13, 21, 11, 11, 20, 18, 22, 20, 0, 14, 11],
[4, 9, 6, 18, 8, 9, 16, 15, 11, 10, 7, 11, 3, 9, 21, 11, 8, 14, 0, 11],
[13, 14, 17, 7, 8, 6, 9, 9, 10, 2, 18, 1, 10, 11, 10, 14, 19, 11, 11, 0]
   ],
//setup on machine: MAQ 14
[   [0, 15, 5, 20, 20, 9, 15, 13, 3, 3, 17, 11, 28, 16, 16, 11, 14, 11, 12, 14],
[15, 0, 18, 17, 9, 10, 6, 5, 13, 13, 3, 18, 15, 7, 6, 6, 8, 13, 18, 7],
[5, 18, 0, 18, 20, 9, 16, 17, 8, 5, 20, 7, 28, 20, 16, 15, 18, 9, 8, 18],
[20, 17, 18, 0, 9, 11, 11, 21, 20, 17, 20, 12, 16, 23, 11, 21, 24, 9, 11, 23],
[20, 9, 20, 9, 0, 11, 5, 14, 18, 17, 12, 17, 9, 16, 4, 15, 17, 12, 16, 16],
[9, 10, 9, 11, 11, 0, 7, 12, 9, 6, 13, 8, 19, 15, 7, 11, 14, 4, 8, 14],
[15, 6, 16, 11, 5, 7, 0, 10, 13, 12, 9, 14, 13, 12, 1, 10, 13, 9, 14, 12],
[13, 5, 17, 21, 14, 12, 10, 0, 10, 12, 5, 19, 19, 3, 11, 2, 3, 15, 20, 2],
[3, 13, 8, 20, 18, 9, 13, 10, 0, 4, 15, 13, 26, 13, 14, 8, 11, 11, 14, 11],
[3, 13, 5, 17, 17, 6, 12, 12, 4, 0, 16, 9, 25, 15, 13, 10, 13, 8, 10, 13],
[17, 3, 20, 20, 12, 13, 9, 5, 15, 16, 0, 21, 15, 5, 9, 7, 7, 16, 21, 6],
[11, 18, 7, 12, 17, 8, 14, 19, 13, 9, 21, 0, 25, 22, 14, 18, 21, 5, 1, 21],
[28, 15, 28, 16, 9, 19, 13, 19, 26, 25, 15, 25, 0, 20, 12, 21, 22, 20, 25, 21],
[16, 7, 20, 23, 16, 15, 12, 3, 13, 15, 5, 22, 20, 0, 13, 5, 3, 18, 23, 2],
[16, 6, 16, 11, 4, 7, 1, 11, 14, 13, 9, 14, 12, 13, 0, 11, 14, 9, 14, 13],
[11, 6, 15, 21, 15, 11, 10, 2, 8, 10, 7, 18, 21, 5, 11, 0, 4, 14, 18, 3],
[14, 8, 18, 24, 17, 14, 13, 3, 11, 13, 7, 21, 22, 3, 14, 4, 0, 18, 22, 1],
[11, 13, 9, 9, 12, 4, 9, 15, 11, 8, 16, 5, 20, 18, 9, 14, 18, 0, 5, 17],
[12, 18, 8, 11, 16, 8, 14, 20, 14, 10, 21, 1, 25, 23, 14, 18, 22, 5, 0, 21],
[14, 7, 18, 23, 16, 14, 12, 2, 11, 13, 6, 21, 21, 2, 13, 3, 1, 17, 21, 0]
   ],
//setup on machine: MAQ 15
[   [0, 18, 20, 16, 24, 9, 14, 28, 14, 13, 19, 1, 15, 12, 10, 9, 13, 18, 10, 20],
[18, 0, 2, 13, 6, 13, 19, 16, 10, 8, 8, 18, 11, 7, 21, 15, 8, 17, 9, 5],
[20, 2, 0, 15, 4, 14, 21, 16, 12, 9, 9, 20, 13, 8, 23, 16, 9, 19, 10, 6],
[16, 13, 15, 0, 18, 17, 7, 14, 3, 16, 7, 16, 2, 14, 11, 19, 17, 4, 14, 10],
[24, 6, 4, 18, 0, 18, 24, 16, 15, 13, 11, 24, 16, 12, 26, 20, 13, 21, 14, 8],
[9, 13, 14, 17, 18, 0, 19, 27, 15, 5, 17, 9, 16, 6, 17, 2, 5, 21, 4, 16],
[14, 19, 21, 7, 24, 19, 0, 20, 9, 20, 14, 15, 9, 18, 5, 20, 21, 6, 17, 17],
[28, 16, 16, 14, 16, 27, 20, 0, 14, 23, 10, 29, 13, 22, 25, 29, 24, 14, 23, 11],
[14, 10, 12, 3, 15, 15, 9, 14, 0, 13, 5, 15, 1, 11, 12, 17, 14, 7, 11, 8],
[13, 8, 9, 16, 13, 5, 20, 23, 13, 0, 14, 13, 14, 2, 19, 7, 1, 20, 3, 12],
[19, 8, 9, 7, 11, 17, 14, 10, 5, 14, 0, 19, 5, 12, 17, 19, 15, 10, 13, 4],
[1, 18, 20, 16, 24, 9, 15, 29, 15, 13, 19, 0, 16, 12, 11, 8, 13, 19, 10, 20],
[15, 11, 13, 2, 16, 16, 9, 13, 1, 14, 5, 16, 0, 12, 12, 17, 15, 6, 12, 8],
[12, 7, 8, 14, 12, 6, 18, 22, 11, 2, 12, 12, 12, 0, 18, 8, 3, 18, 2, 11],
[10, 21, 23, 11, 26, 17, 5, 25, 12, 19, 17, 11, 12, 18, 0, 18, 20, 11, 16, 20],
[9, 15, 16, 19, 20, 2, 20, 29, 17, 7, 19, 8, 17, 8, 18, 0, 7, 23, 6, 18],
[13, 8, 9, 17, 13, 5, 21, 24, 14, 1, 15, 13, 15, 3, 20, 7, 0, 21, 4, 13],
[18, 17, 19, 4, 21, 21, 6, 14, 7, 20, 10, 19, 6, 18, 11, 23, 21, 0, 18, 13],
[10, 9, 10, 14, 14, 4, 17, 23, 11, 3, 13, 10, 12, 2, 16, 6, 4, 18, 0, 12],
[20, 5, 6, 10, 8, 16, 17, 11, 8, 12, 4, 20, 8, 11, 20, 18, 13, 13, 12, 0]
   ],
//setup on machine: MAQ 16
[   [0, 13, 4, 26, 18, 22, 23, 14, 21, 15, 17, 24, 5, 14, 21, 12, 24, 17, 25, 14],
[13, 0, 10, 26, 11, 14, 14, 3, 10, 22, 12, 26, 14, 16, 25, 24, 26, 17, 25, 24],
[4, 10, 0, 23, 14, 18, 19, 10, 17, 14, 13, 22, 4, 11, 19, 14, 21, 13, 22, 14],
[26, 26, 23, 0, 16, 17, 19, 24, 22, 13, 15, 2, 21, 12, 7, 23, 3, 10, 2, 18],
[18, 11, 14, 16, 0, 4, 5, 9, 6, 17, 2, 17, 15, 9, 17, 24, 17, 8, 15, 21],
[22, 14, 18, 17, 4, 0, 2, 12, 6, 21, 6, 18, 19, 13, 19, 28, 18, 11, 15, 25],
[23, 14, 19, 19, 5, 2, 0, 11, 4, 22, 7, 20, 20, 14, 21, 29, 20, 13, 17, 26],
[14, 3, 10, 24, 9, 12, 11, 0, 8, 20, 9, 24, 13, 13, 22, 23, 23, 14, 22, 22],
[21, 10, 17, 22, 6, 6, 4, 8, 0, 23, 8, 23, 19, 15, 23, 29, 23, 14, 20, 27],
[15, 22, 14, 13, 17, 21, 22, 20, 23, 0, 15, 11, 10, 8, 6, 10, 10, 10, 14, 5],
[17, 12, 13, 15, 2, 6, 7, 9, 8, 15, 0, 15, 14, 7, 15, 22, 15, 6, 13, 19],
[24, 26, 22, 2, 17, 18, 20, 24, 23, 11, 15, 0, 19, 11, 5, 21, 1, 10, 4, 16],
[5, 14, 4, 21, 15, 19, 20, 13, 19, 10, 14, 19, 0, 9, 16, 10, 19, 12, 21, 10],
[14, 16, 11, 12, 9, 13, 14, 13, 15, 8, 7, 11, 9, 0, 9, 16, 11, 3, 12, 12],
[21, 25, 19, 7, 17, 19, 21, 22, 23, 6, 15, 5, 16, 9, 0, 16, 4, 9, 9, 11],
[12, 24, 14, 23, 24, 28, 29, 23, 29, 10, 22, 21, 10, 16, 16, 0, 20, 18, 24, 5],
[24, 26, 21, 3, 17, 18, 20, 23, 23, 10, 15, 1, 19, 11, 4, 20, 0, 9, 5, 15],
[17, 17, 13, 10, 8, 11, 13, 14, 14, 10, 6, 10, 12, 3, 9, 18, 9, 0, 9, 14],
[25, 25, 22, 2, 15, 15, 17, 22, 20, 14, 13, 4, 21, 12, 9, 24, 5, 9, 0, 19],
[14, 24, 14, 18, 21, 25, 26, 22, 27, 5, 19, 16, 10, 12, 11, 5, 15, 14, 19, 0]
   ],
//setup on machine: MAQ 17
[   [0, 22, 14, 21, 16, 22, 8, 17, 24, 23, 5, 6, 10, 17, 19, 15, 17, 14, 15, 15],
[22, 0, 19, 9, 11, 2, 17, 14, 6, 5, 18, 23, 21, 17, 8, 17, 14, 13, 14, 15],
[14, 19, 0, 24, 21, 18, 17, 24, 17, 17, 15, 20, 5, 4, 22, 3, 6, 7, 22, 23],
[21, 9, 24, 0, 5, 11, 14, 6, 15, 14, 16, 19, 24, 23, 2, 22, 20, 18, 8, 8],
[16, 11, 21, 5, 0, 13, 9, 3, 16, 16, 11, 14, 21, 21, 4, 20, 18, 16, 3, 4],
[22, 2, 18, 11, 13, 0, 18, 16, 4, 3, 18, 23, 20, 16, 10, 15, 12, 11, 15, 16],
[8, 17, 17, 14, 9, 18, 0, 9, 21, 20, 3, 6, 15, 19, 12, 17, 17, 14, 7, 8],
[17, 14, 24, 6, 3, 16, 9, 0, 19, 18, 12, 14, 23, 24, 6, 22, 21, 18, 2, 2],
[24, 6, 17, 15, 16, 4, 21, 19, 0, 1, 21, 26, 20, 14, 14, 14, 11, 11, 19, 20],
[23, 5, 17, 14, 16, 3, 20, 18, 1, 0, 20, 25, 20, 15, 13, 14, 11, 11, 18, 19],
[5, 18, 15, 16, 11, 18, 3, 12, 21, 20, 0, 6, 12, 17, 14, 15, 16, 13, 10, 10],
[6, 23, 20, 19, 14, 23, 6, 14, 26, 25, 6, 0, 16, 22, 18, 20, 21, 18, 12, 12],
[10, 21, 5, 24, 21, 20, 15, 23, 20, 20, 12, 16, 0, 8, 22, 7, 10, 9, 21, 21],
[17, 17, 4, 23, 21, 16, 19, 24, 14, 15, 17, 22, 8, 0, 21, 2, 4, 6, 22, 23],
[19, 8, 22, 2, 4, 10, 12, 6, 14, 13, 14, 18, 22, 21, 0, 20, 18, 16, 6, 7],
[15, 17, 3, 22, 20, 15, 17, 22, 14, 14, 15, 20, 7, 2, 20, 0, 3, 4, 21, 22],
[17, 14, 6, 20, 18, 12, 17, 21, 11, 11, 16, 21, 10, 4, 18, 3, 0, 3, 20, 21],
[14, 13, 7, 18, 16, 11, 14, 18, 11, 11, 13, 18, 9, 6, 16, 4, 3, 0, 17, 18],
[15, 14, 22, 8, 3, 15, 7, 2, 19, 18, 10, 12, 21, 22, 6, 21, 20, 17, 0, 1],
[15, 15, 23, 8, 4, 16, 8, 2, 20, 19, 10, 12, 21, 23, 7, 22, 21, 18, 1, 0]
   ],
//setup on machine: MAQ 18
[   [0, 18, 3, 11, 16, 18, 7, 22, 15, 16, 23, 17, 22, 6, 17, 15, 26, 20, 9, 17],
[18, 0, 16, 9, 5, 13, 12, 7, 10, 2, 6, 16, 9, 12, 14, 3, 8, 6, 10, 4],
[3, 16, 0, 11, 15, 18, 4, 21, 15, 14, 21, 18, 22, 4, 17, 13, 24, 19, 6, 16],
[11, 9, 11, 0, 5, 8, 10, 11, 4, 9, 13, 9, 11, 8, 7, 7, 16, 9, 9, 7],
[16, 5, 15, 5, 0, 8, 12, 7, 5, 6, 8, 11, 7, 11, 9, 4, 11, 4, 10, 2],
[18, 13, 18, 8, 8, 0, 17, 10, 4, 14, 13, 4, 9, 16, 1, 12, 16, 8, 16, 9],
[7, 12, 4, 10, 12, 17, 0, 18, 14, 10, 18, 19, 19, 2, 17, 9, 20, 16, 2, 13],
[22, 7, 21, 11, 7, 10, 18, 0, 9, 9, 3, 14, 2, 18, 11, 9, 6, 3, 16, 5],
[15, 10, 15, 4, 5, 4, 14, 9, 0, 11, 12, 6, 8, 12, 4, 9, 15, 7, 13, 7],
[16, 2, 14, 9, 6, 14, 10, 9, 11, 0, 8, 17, 11, 11, 14, 2, 10, 8, 8, 5],
[23, 6, 21, 13, 8, 13, 18, 3, 12, 8, 0, 17, 5, 18, 14, 9, 3, 5, 16, 6],
[17, 16, 18, 9, 11, 4, 19, 14, 6, 17, 17, 0, 13, 17, 3, 15, 20, 12, 18, 13],
[22, 9, 22, 11, 7, 9, 19, 2, 8, 11, 5, 13, 0, 18, 10, 10, 8, 3, 17, 6],
[6, 12, 4, 8, 11, 16, 2, 18, 12, 11, 18, 17, 18, 0, 15, 9, 20, 15, 3, 13],
[17, 14, 17, 7, 9, 1, 17, 11, 4, 14, 14, 3, 10, 15, 0, 13, 17, 9, 16, 10],
[15, 3, 13, 7, 4, 12, 9, 9, 9, 2, 9, 15, 10, 9, 13, 0, 11, 7, 7, 4],
[26, 8, 24, 16, 11, 16, 20, 6, 15, 10, 3, 20, 8, 20, 17, 11, 0, 8, 18, 9],
[20, 6, 19, 9, 4, 8, 16, 3, 7, 8, 5, 12, 3, 15, 9, 7, 8, 0, 14, 3],
[9, 10, 6, 9, 10, 16, 2, 16, 13, 8, 16, 18, 17, 3, 16, 7, 18, 14, 0, 11],
[17, 4, 16, 7, 2, 9, 13, 5, 7, 5, 6, 13, 6, 13, 10, 4, 9, 3, 11, 0]
   ],
//setup on machine: MAQ 19
[   [0, 14, 16, 16, 7, 14, 12, 4, 11, 18, 11, 8, 10, 17, 4, 17, 12, 5, 15, 15],
[14, 0, 2, 17, 8, 20, 2, 15, 3, 10, 20, 9, 4, 7, 18, 19, 9, 19, 13, 9],
[16, 2, 0, 16, 9, 20, 4, 17, 5, 8, 20, 9, 6, 5, 19, 18, 9, 20, 12, 7],
[16, 17, 16, 0, 12, 6, 16, 20, 17, 11, 10, 11, 16, 13, 16, 2, 8, 21, 4, 9],
[7, 8, 9, 12, 0, 13, 6, 10, 6, 11, 12, 1, 5, 10, 10, 14, 5, 12, 9, 8],
[14, 20, 20, 6, 13, 0, 18, 18, 18, 16, 4, 12, 18, 18, 12, 5, 11, 17, 9, 14],
[12, 2, 4, 16, 6, 18, 0, 13, 1, 10, 18, 7, 2, 8, 16, 18, 8, 17, 12, 8],
[4, 15, 17, 20, 10, 18, 13, 0, 12, 21, 15, 11, 11, 20, 7, 21, 15, 4, 18, 18],
[11, 3, 5, 17, 6, 18, 1, 12, 0, 11, 17, 6, 1, 9, 15, 18, 9, 16, 13, 9],
[18, 10, 8, 11, 11, 16, 10, 21, 11, 0, 18, 11, 12, 3, 21, 13, 7, 23, 7, 4],
[11, 20, 20, 10, 12, 4, 18, 15, 17, 18, 0, 11, 17, 19, 8, 9, 12, 13, 11, 15],
[8, 9, 9, 11, 1, 12, 7, 11, 6, 11, 11, 0, 6, 10, 10, 13, 4, 13, 8, 7],
[10, 4, 6, 16, 5, 18, 2, 11, 1, 12, 17, 6, 0, 9, 14, 18, 8, 15, 12, 9],
[17, 7, 5, 13, 10, 18, 8, 20, 9, 3, 19, 10, 9, 0, 20, 15, 7, 22, 9, 4],
[4, 18, 19, 16, 10, 12, 16, 7, 15, 21, 8, 10, 14, 20, 0, 16, 14, 5, 16, 17],
[17, 19, 18, 2, 14, 5, 18, 21, 18, 13, 9, 13, 18, 15, 16, 0, 10, 21, 6, 11],
[12, 9, 9, 8, 5, 11, 8, 15, 9, 7, 12, 4, 8, 7, 14, 10, 0, 17, 4, 3],
[5, 19, 20, 21, 12, 17, 17, 4, 16, 23, 13, 13, 15, 22, 5, 21, 17, 0, 19, 20],
[15, 13, 12, 4, 9, 9, 12, 18, 13, 7, 11, 8, 12, 9, 16, 6, 4, 19, 0, 5],
[15, 9, 7, 9, 8, 14, 8, 18, 9, 4, 15, 7, 9, 4, 17, 11, 3, 20, 5, 0]
   ]
];