// INSTANCIA 10X10-08
nbJobs = 10;
nbMchs = 10;

OpDurations = [
[43, 12, 58, 35, 80, 93, 69, 53, 83, 55]
[58, 56, 15, 91, 73, 1, 84, 74, 85, 2]
[65, 36, 31, 33, 63, 36, 7, 1, 48, 11]
[74, 64, 83, 3, 21, 37, 75, 23, 45, 89]
[17, 56, 52, 3, 97, 32, 84, 21, 66, 64]
[65, 73, 84, 64, 97, 73, 9, 59, 60, 11]
[18, 36, 26, 1, 16, 7, 15, 55, 40, 36]
[11, 22, 60, 57, 78, 93, 22, 20, 11, 79]
[87, 87, 97, 40, 27, 66, 13, 48, 96, 24]
[52, 94, 70, 10, 5, 76, 58, 58, 55, 77]
];

setup = [
//setup on machine: MAQ 1
[   [0, 22, 23, 9, 13, 25, 25, 10, 17, 13],
[22, 0, 5, 21, 11, 11, 17, 19, 16, 19],
[23, 5, 0, 20, 10, 6, 12, 23, 21, 17],
[9, 21, 20, 0, 10, 19, 17, 17, 22, 4],
[13, 11, 10, 10, 0, 12, 13, 16, 17, 9],
[25, 11, 6, 19, 12, 0, 6, 27, 26, 16],
[25, 17, 12, 17, 13, 6, 0, 29, 30, 13],
[10, 19, 23, 17, 16, 27, 29, 0, 8, 20],
[17, 16, 21, 22, 17, 26, 30, 8, 0, 24],
[13, 19, 17, 4, 9, 16, 13, 20, 24, 0]
   ],
//setup on machine: MAQ 2
[   [0, 8, 6, 12, 19, 15, 6, 15, 16, 14],
[8, 0, 8, 13, 13, 20, 12, 22, 13, 22],
[6, 8, 0, 17, 21, 21, 5, 20, 20, 19],
[12, 13, 17, 0, 13, 10, 17, 16, 8, 16],
[19, 13, 21, 13, 0, 23, 24, 29, 6, 29],
[15, 20, 21, 10, 23, 0, 18, 7, 17, 9],
[6, 12, 5, 17, 24, 18, 0, 16, 22, 15],
[15, 22, 20, 16, 29, 7, 16, 0, 23, 2],
[16, 13, 20, 8, 6, 17, 22, 23, 0, 24],
[14, 22, 19, 16, 29, 9, 15, 2, 24, 0]
   ],
//setup on machine: MAQ 3
[   [0, 11, 20, 12, 23, 23, 25, 26, 14, 8],
[11, 0, 19, 20, 15, 22, 15, 18, 6, 9],
[20, 19, 0, 16, 12, 3, 17, 13, 24, 12],
[12, 20, 16, 0, 25, 18, 29, 27, 25, 11],
[23, 15, 12, 25, 0, 13, 5, 3, 19, 16],
[23, 22, 3, 18, 13, 0, 18, 14, 27, 15],
[25, 15, 17, 29, 5, 18, 0, 6, 18, 19],
[26, 18, 13, 27, 3, 14, 6, 0, 22, 19],
[14, 6, 24, 25, 19, 27, 18, 22, 0, 15],
[8, 9, 12, 11, 16, 15, 19, 19, 15, 0]
   ],
//setup on machine: MAQ 4
[   [0, 9, 23, 25, 21, 20, 18, 26, 7, 9],
[9, 0, 17, 16, 13, 14, 9, 19, 8, 10],
[23, 17, 0, 20, 20, 27, 11, 7, 24, 16],
[25, 16, 20, 0, 4, 12, 10, 16, 20, 25],
[21, 13, 20, 4, 0, 9, 9, 17, 16, 22],
[20, 14, 27, 12, 9, 0, 16, 26, 13, 24],
[18, 9, 11, 10, 9, 16, 0, 10, 17, 16],
[26, 19, 7, 16, 17, 26, 10, 0, 26, 21],
[7, 8, 24, 20, 16, 13, 17, 26, 0, 14],
[9, 10, 16, 25, 22, 24, 16, 21, 14, 0]
   ],
//setup on machine: MAQ 5
[   [0, 1, 13, 9, 23, 15, 4, 10, 21, 8],
[1, 0, 12, 8, 22, 14, 5, 9, 21, 9],
[13, 12, 0, 13, 17, 12, 17, 9, 29, 19],
[9, 8, 13, 0, 16, 8, 9, 4, 16, 9],
[23, 22, 17, 16, 0, 8, 25, 13, 26, 25],
[15, 14, 12, 8, 8, 0, 17, 5, 21, 17],
[4, 5, 17, 9, 25, 17, 0, 12, 18, 4],
[10, 9, 9, 4, 13, 5, 12, 0, 20, 13],
[21, 21, 29, 16, 26, 21, 18, 20, 0, 14],
[8, 9, 19, 9, 25, 17, 4, 13, 14, 0]
   ],
//setup on machine: MAQ 6
[   [0, 6, 7, 10, 10, 7, 10, 12, 13, 13],
[6, 0, 7, 11, 5, 8, 16, 13, 16, 8],
[7, 7, 0, 4, 12, 14, 16, 18, 10, 12],
[10, 11, 4, 0, 16, 17, 17, 22, 6, 15],
[10, 5, 12, 16, 0, 8, 18, 12, 21, 6],
[7, 8, 14, 17, 8, 0, 11, 5, 20, 14],
[10, 16, 16, 17, 18, 11, 0, 12, 17, 23],
[12, 13, 18, 22, 12, 5, 12, 0, 24, 18],
[13, 16, 10, 6, 21, 20, 17, 24, 0, 21],
[13, 8, 12, 15, 6, 14, 23, 18, 21, 0]
   ],
//setup on machine: MAQ 7
[   [0, 13, 1, 7, 9, 17, 19, 18, 18, 10],
[13, 0, 12, 16, 15, 13, 16, 10, 9, 3],
[1, 12, 0, 7, 9, 16, 19, 18, 17, 9],
[7, 16, 7, 0, 16, 15, 26, 24, 24, 14],
[9, 15, 9, 16, 0, 24, 12, 15, 16, 14],
[17, 13, 16, 15, 24, 0, 29, 23, 22, 12],
[19, 16, 19, 26, 12, 29, 0, 9, 10, 17],
[18, 10, 18, 24, 15, 23, 9, 0, 1, 12],
[18, 9, 17, 24, 16, 22, 10, 1, 0, 11],
[10, 3, 9, 14, 14, 12, 17, 12, 11, 0]
   ],
//setup on machine: MAQ 8
[   [0, 23, 13, 30, 19, 28, 30, 15, 5, 13],
[23, 0, 13, 22, 6, 24, 19, 21, 21, 27],
[13, 13, 0, 19, 12, 18, 18, 9, 9, 14],
[30, 22, 19, 0, 26, 5, 4, 17, 25, 23],
[19, 6, 12, 26, 0, 27, 24, 21, 17, 25],
[28, 24, 18, 5, 27, 0, 8, 13, 23, 19],
[30, 19, 18, 4, 24, 8, 0, 18, 25, 25],
[15, 21, 9, 17, 21, 13, 18, 0, 10, 7],
[5, 21, 9, 25, 17, 23, 25, 10, 0, 9],
[13, 27, 14, 23, 25, 19, 25, 7, 9, 0]
   ],
//setup on machine: MAQ 9
[   [0, 8, 9, 10, 17, 24, 14, 24, 14, 10],
[8, 0, 9, 3, 18, 19, 13, 21, 14, 16],
[9, 9, 0, 10, 25, 28, 21, 30, 22, 19],
[10, 3, 10, 0, 20, 18, 14, 21, 16, 19],
[17, 18, 25, 20, 0, 18, 7, 14, 4, 10],
[24, 19, 28, 18, 18, 0, 12, 5, 16, 25],
[14, 13, 21, 14, 7, 12, 0, 10, 4, 13],
[24, 21, 30, 21, 14, 5, 10, 0, 13, 23],
[14, 14, 22, 16, 4, 16, 4, 13, 0, 10],
[10, 16, 19, 19, 10, 25, 13, 23, 10, 0]
   ],
//setup on machine: MAQ 10
[   [0, 6, 21, 8, 7, 16, 12, 10, 5, 20],
[6, 0, 21, 8, 6, 20, 6, 16, 11, 15],
[21, 21, 0, 14, 27, 12, 19, 21, 23, 16],
[8, 8, 14, 0, 14, 13, 8, 13, 12, 13],
[7, 6, 27, 14, 0, 23, 12, 17, 11, 21],
[16, 20, 12, 13, 23, 0, 21, 10, 15, 23],
[12, 6, 19, 8, 12, 21, 0, 20, 17, 9],
[10, 16, 21, 13, 17, 10, 20, 0, 6, 26],
[5, 11, 23, 12, 11, 15, 17, 6, 0, 25],
[20, 15, 16, 13, 21, 23, 9, 26, 25, 0]
   ]
];