// INSTANCIA FGSSP 20x20-07
nbJobs = 20;
nbMchs = 20;

OpDurations = [
[63, 8, 50, 54, 58, 51, 93, 61, 50, 44, 29, 13, 15, 34, 22, 93, 27, 36, 76, 85]
[34, 27, 20, 25, 37, 6, 57, 23, 14, 14, 83, 63, 24, 30, 4, 44, 62, 81, 37, 27]
[93, 88, 21, 6, 84, 18, 96, 57, 3, 26, 40, 28, 70, 85, 36, 26, 5, 62, 68, 37]
[57, 90, 93, 75, 14, 23, 4, 64, 52, 42, 85, 37, 39, 83, 40, 62, 64, 88, 95, 34]
[28, 52, 26, 3, 37, 40, 95, 49, 9, 44, 7, 85, 98, 68, 5, 60, 79, 71, 28, 19]
[22, 57, 91, 71, 41, 70, 59, 97, 83, 88, 38, 38, 32, 23, 78, 85, 88, 99, 80, 54]
[56, 61, 95, 68, 59, 89, 49, 91, 40, 61, 63, 41, 12, 90, 71, 98, 91, 40, 28, 29]
[98, 45, 61, 83, 50, 82, 42, 16, 77, 47, 13, 78, 84, 29, 3, 38, 85, 75, 76, 36]
[77, 71, 31, 73, 12, 18, 99, 91, 78, 55, 17, 87, 5, 46, 21, 97, 91, 93, 94, 90]
[39, 60, 38, 77, 84, 39, 85, 66, 99, 88, 92, 17, 76, 25, 86, 53, 79, 43, 78, 50]
[92, 79, 3, 88, 27, 22, 8, 19, 11, 51, 5, 2, 67, 79, 84, 25, 43, 18, 74, 11]
[23, 50, 41, 54, 24, 19, 84, 19, 37, 5, 25, 7, 31, 57, 1, 19, 67, 20, 48, 46]
[87, 57, 12, 9, 49, 56, 88, 71, 77, 91, 97, 24, 68, 73, 29, 53, 34, 77, 58, 38]
[48, 97, 91, 60, 89, 76, 50, 11, 19, 99, 91, 64, 67, 10, 36, 87, 97, 62, 62, 72]
[24, 68, 62, 69, 9, 57, 90, 31, 42, 57, 18, 55, 88, 2, 75, 26, 30, 99, 4, 15]
[9, 69, 97, 99, 81, 99, 72, 48, 22, 60, 10, 7, 82, 74, 33, 2, 93, 81, 8, 43]
[40, 22, 79, 8, 49, 81, 17, 81, 62, 62, 16, 91, 18, 10, 63, 28, 76, 55, 57, 97]
[12, 75, 1, 62, 53, 39, 26, 24, 15, 97, 77, 33, 96, 88, 68, 44, 24, 78, 36, 22]
[26, 25, 98, 84, 3, 65, 38, 75, 94, 40, 54, 53, 64, 31, 78, 49, 54, 27, 88, 58]
[44, 96, 7, 76, 49, 90, 65, 70, 74, 2, 16, 39, 85, 87, 81, 20, 56, 55, 1, 24]
];

setup = [
//setup on machine: MAQ 0
[   [0, 8, 15, 4, 16, 10, 17, 14, 12, 11, 8, 15, 14, 20, 5, 7, 16, 22, 21, 7],
[8, 0, 17, 7, 21, 17, 15, 16, 17, 4, 15, 8, 6, 19, 12, 15, 20, 20, 19, 14],
[15, 17, 0, 12, 8, 12, 8, 1, 6, 20, 20, 16, 19, 8, 12, 14, 5, 11, 9, 21],
[4, 7, 12, 0, 14, 10, 14, 11, 10, 11, 11, 12, 12, 17, 5, 8, 14, 19, 17, 11],
[16, 21, 8, 14, 0, 8, 16, 8, 4, 25, 18, 22, 25, 15, 11, 11, 3, 19, 16, 19],
[10, 17, 12, 10, 8, 0, 18, 11, 6, 21, 10, 21, 22, 19, 5, 3, 10, 23, 20, 11],
[17, 15, 8, 14, 16, 18, 0, 8, 13, 17, 24, 10, 15, 4, 16, 19, 13, 5, 4, 24],
[14, 16, 1, 11, 8, 11, 8, 0, 5, 19, 19, 15, 18, 8, 11, 13, 5, 12, 9, 20],
[12, 17, 6, 10, 4, 6, 13, 5, 0, 21, 16, 18, 21, 13, 8, 9, 4, 17, 14, 16],
[11, 4, 20, 11, 25, 21, 17, 19, 21, 0, 18, 9, 4, 21, 16, 18, 24, 21, 21, 17],
[8, 15, 20, 11, 18, 10, 24, 19, 16, 18, 0, 22, 21, 26, 8, 7, 19, 29, 27, 1],
[15, 8, 16, 12, 22, 21, 10, 15, 18, 9, 22, 0, 5, 14, 17, 20, 20, 13, 14, 22],
[14, 6, 19, 12, 25, 22, 15, 18, 21, 4, 21, 5, 0, 19, 17, 20, 23, 18, 18, 20],
[20, 19, 8, 17, 15, 19, 4, 8, 13, 21, 26, 14, 19, 0, 18, 21, 12, 4, 1, 27],
[5, 12, 12, 5, 11, 5, 16, 11, 8, 16, 8, 17, 17, 18, 0, 3, 12, 21, 19, 9],
[7, 15, 14, 8, 11, 3, 19, 13, 9, 18, 7, 20, 20, 21, 3, 0, 12, 24, 21, 8],
[16, 20, 5, 14, 3, 10, 13, 5, 4, 24, 19, 20, 23, 12, 12, 12, 0, 16, 13, 20],
[22, 20, 11, 19, 19, 23, 5, 12, 17, 21, 29, 13, 18, 4, 21, 24, 16, 0, 3, 29],
[21, 19, 9, 17, 16, 20, 4, 9, 14, 21, 27, 14, 18, 1, 19, 21, 13, 3, 0, 27],
[7, 14, 21, 11, 19, 11, 24, 20, 16, 17, 1, 22, 20, 27, 9, 8, 20, 29, 27, 0]
   ],
//setup on machine: MAQ 1
[   [0, 26, 13, 12, 18, 11, 19, 5, 18, 15, 16, 16, 21, 9, 22, 6, 10, 19, 12, 14],
[26, 0, 14, 18, 11, 16, 21, 24, 20, 18, 12, 19, 17, 19, 4, 22, 16, 7, 22, 12],
[13, 14, 0, 11, 6, 8, 19, 13, 18, 6, 3, 15, 18, 10, 11, 8, 3, 9, 15, 6],
[12, 18, 11, 0, 16, 3, 8, 8, 7, 17, 13, 4, 9, 3, 14, 13, 9, 11, 4, 7],
[18, 11, 6, 16, 0, 13, 23, 19, 22, 7, 3, 19, 21, 15, 9, 13, 9, 9, 20, 9],
[11, 16, 8, 3, 13, 0, 11, 8, 10, 14, 10, 7, 11, 3, 12, 10, 6, 9, 7, 4],
[19, 21, 19, 8, 23, 11, 0, 14, 1, 25, 20, 4, 4, 11, 17, 21, 17, 15, 7, 14],
[5, 24, 13, 8, 19, 8, 14, 0, 14, 17, 16, 11, 16, 5, 20, 9, 10, 17, 7, 12],
[18, 20, 18, 7, 22, 10, 1, 14, 0, 24, 19, 3, 4, 10, 16, 20, 16, 14, 7, 13],
[15, 18, 6, 17, 7, 14, 25, 17, 24, 0, 7, 21, 24, 16, 16, 9, 9, 15, 21, 12],
[16, 12, 3, 13, 3, 10, 20, 16, 19, 7, 0, 16, 18, 12, 9, 10, 6, 8, 17, 6],
[16, 19, 15, 4, 19, 7, 4, 11, 3, 21, 16, 0, 5, 7, 15, 17, 13, 12, 5, 10],
[21, 17, 18, 9, 21, 11, 4, 16, 4, 24, 18, 5, 0, 12, 14, 21, 16, 12, 10, 12],
[9, 19, 10, 3, 15, 3, 11, 5, 10, 16, 12, 7, 12, 0, 15, 10, 7, 12, 5, 7],
[22, 4, 11, 14, 9, 12, 17, 20, 16, 16, 9, 15, 14, 15, 0, 18, 12, 3, 18, 8],
[6, 22, 8, 13, 13, 10, 21, 9, 20, 9, 10, 17, 21, 10, 18, 0, 6, 16, 14, 11],
[10, 16, 3, 9, 9, 6, 17, 10, 16, 9, 6, 13, 16, 7, 12, 6, 0, 10, 12, 5],
[19, 7, 9, 11, 9, 9, 15, 17, 14, 15, 8, 12, 12, 12, 3, 16, 10, 0, 15, 5],
[12, 22, 15, 4, 20, 7, 7, 7, 7, 21, 17, 5, 10, 5, 18, 14, 12, 15, 0, 11],
[14, 12, 6, 7, 9, 4, 14, 12, 13, 12, 6, 10, 12, 7, 8, 11, 5, 5, 11, 0]
   ],
//setup on machine: MAQ 2
[   [0, 17, 24, 19, 17, 17, 20, 10, 15, 22, 12, 6, 12, 16, 22, 20, 21, 25, 21, 18],
[17, 0, 7, 13, 18, 6, 17, 11, 8, 10, 19, 13, 11, 18, 20, 19, 4, 9, 4, 1],
[24, 7, 0, 16, 23, 10, 20, 17, 13, 10, 25, 20, 17, 23, 23, 23, 3, 5, 4, 6],
[19, 13, 16, 0, 8, 7, 4, 9, 6, 7, 12, 20, 21, 8, 7, 7, 15, 13, 14, 14],
[17, 18, 23, 8, 0, 13, 5, 9, 10, 15, 6, 20, 23, 1, 5, 3, 21, 21, 20, 19],
[17, 6, 10, 7, 13, 0, 11, 8, 3, 6, 15, 15, 15, 13, 14, 14, 8, 9, 7, 7],
[20, 17, 20, 4, 5, 11, 0, 11, 9, 11, 11, 22, 24, 6, 3, 3, 19, 17, 18, 18],
[10, 11, 17, 9, 9, 8, 11, 0, 5, 13, 8, 11, 14, 9, 13, 11, 15, 17, 14, 12],
[15, 8, 13, 6, 10, 3, 9, 5, 0, 8, 12, 14, 15, 10, 12, 11, 11, 12, 10, 9],
[22, 10, 10, 7, 15, 6, 11, 13, 8, 0, 19, 21, 20, 15, 14, 14, 9, 6, 8, 10],
[12, 19, 25, 12, 6, 15, 11, 8, 12, 19, 0, 16, 21, 5, 11, 9, 23, 24, 22, 20],
[6, 13, 20, 20, 20, 15, 22, 11, 14, 21, 16, 0, 6, 19, 24, 22, 17, 22, 17, 14],
[12, 11, 17, 21, 23, 15, 24, 14, 15, 20, 21, 6, 0, 23, 27, 25, 14, 20, 14, 11],
[16, 18, 23, 8, 1, 13, 6, 9, 10, 15, 5, 19, 23, 0, 6, 4, 21, 21, 20, 19],
[22, 20, 23, 7, 5, 14, 3, 13, 12, 14, 11, 24, 27, 6, 0, 2, 22, 20, 21, 21],
[20, 19, 23, 7, 3, 14, 3, 11, 11, 14, 9, 22, 25, 4, 2, 0, 21, 20, 20, 20],
[21, 4, 3, 15, 21, 8, 19, 15, 11, 9, 23, 17, 14, 21, 22, 21, 0, 6, 1, 4],
[25, 9, 5, 13, 21, 9, 17, 17, 12, 6, 24, 22, 20, 21, 20, 20, 6, 0, 6, 9],
[21, 4, 4, 14, 20, 7, 18, 14, 10, 8, 22, 17, 14, 20, 21, 20, 1, 6, 0, 3],
[18, 1, 6, 14, 19, 7, 18, 12, 9, 10, 20, 14, 11, 19, 21, 20, 4, 9, 3, 0]
   ],
//setup on machine: MAQ 3
[   [0, 15, 16, 19, 13, 16, 7, 14, 9, 19, 21, 8, 8, 17, 15, 19, 21, 11, 13, 4],
[15, 0, 25, 14, 2, 23, 16, 25, 8, 7, 22, 21, 22, 13, 22, 6, 19, 24, 19, 17],
[16, 25, 0, 18, 24, 2, 10, 4, 23, 24, 12, 10, 11, 16, 3, 25, 14, 8, 6, 19],
[19, 14, 18, 0, 14, 16, 15, 20, 18, 8, 10, 21, 22, 3, 16, 10, 6, 22, 13, 23],
[13, 2, 24, 14, 0, 22, 15, 24, 6, 9, 22, 20, 21, 13, 22, 8, 19, 23, 18, 16],
[16, 23, 2, 16, 22, 0, 9, 5, 22, 22, 10, 11, 11, 14, 1, 23, 12, 9, 4, 18],
[7, 16, 10, 15, 15, 9, 0, 9, 13, 17, 15, 6, 7, 12, 8, 18, 15, 8, 6, 10],
[14, 25, 4, 20, 24, 5, 9, 0, 22, 25, 15, 7, 8, 17, 5, 26, 17, 5, 8, 16],
[9, 8, 23, 18, 6, 22, 13, 22, 0, 14, 24, 17, 17, 17, 21, 14, 22, 20, 18, 10],
[19, 7, 24, 8, 9, 22, 17, 25, 14, 0, 18, 23, 24, 9, 21, 2, 14, 25, 18, 22],
[21, 22, 12, 10, 22, 10, 15, 15, 24, 18, 0, 19, 20, 9, 10, 20, 4, 19, 9, 25],
[8, 21, 10, 21, 20, 11, 6, 7, 17, 23, 19, 0, 1, 18, 10, 24, 20, 3, 10, 9],
[8, 22, 11, 22, 21, 11, 7, 8, 17, 24, 20, 1, 0, 19, 11, 25, 21, 3, 11, 9],
[17, 13, 16, 3, 13, 14, 12, 17, 17, 9, 9, 18, 19, 0, 13, 11, 6, 19, 10, 20],
[15, 22, 3, 16, 22, 1, 8, 5, 21, 21, 10, 10, 11, 13, 0, 23, 12, 9, 4, 17],
[19, 6, 25, 10, 8, 23, 18, 26, 14, 2, 20, 24, 25, 11, 23, 0, 16, 26, 19, 22],
[21, 19, 14, 6, 19, 12, 15, 17, 22, 14, 4, 20, 21, 6, 12, 16, 0, 20, 10, 24],
[11, 24, 8, 22, 23, 9, 8, 5, 20, 25, 19, 3, 3, 19, 9, 26, 20, 0, 10, 12],
[13, 19, 6, 13, 18, 4, 6, 8, 18, 18, 9, 10, 11, 10, 4, 19, 10, 10, 0, 16],
[4, 17, 19, 23, 16, 18, 10, 16, 10, 22, 25, 9, 9, 20, 17, 22, 24, 12, 16, 0]
   ],
//setup on machine: MAQ 4
[   [0, 28, 2, 14, 11, 26, 21, 29, 22, 16, 20, 17, 5, 9, 7, 4, 27, 17, 28, 20],
[28, 0, 26, 15, 21, 5, 11, 5, 13, 18, 20, 12, 24, 22, 22, 25, 4, 15, 1, 21],
[2, 26, 0, 13, 11, 24, 19, 27, 20, 16, 18, 15, 3, 7, 7, 4, 26, 16, 27, 18],
[14, 15, 13, 0, 14, 12, 7, 15, 8, 16, 9, 3, 10, 7, 12, 13, 16, 13, 16, 10],
[11, 21, 11, 14, 0, 21, 19, 24, 21, 5, 23, 14, 12, 14, 4, 7, 19, 7, 22, 23],
[26, 5, 24, 12, 21, 0, 6, 3, 8, 20, 15, 9, 22, 19, 22, 24, 9, 16, 5, 16],
[21, 11, 19, 7, 19, 6, 0, 9, 3, 19, 9, 5, 17, 13, 18, 20, 14, 16, 11, 10],
[29, 5, 27, 15, 24, 3, 9, 0, 10, 22, 17, 12, 25, 22, 24, 26, 9, 18, 4, 18],
[22, 13, 20, 8, 21, 8, 3, 10, 0, 22, 7, 7, 17, 14, 20, 21, 16, 18, 13, 8],
[16, 18, 16, 16, 5, 20, 19, 22, 22, 0, 25, 15, 16, 18, 9, 12, 15, 4, 19, 25],
[20, 20, 18, 9, 23, 15, 9, 17, 7, 25, 0, 11, 15, 11, 20, 20, 23, 22, 20, 1],
[17, 12, 15, 3, 14, 9, 5, 12, 7, 15, 11, 0, 13, 10, 13, 15, 13, 11, 13, 12],
[5, 24, 3, 10, 12, 22, 17, 25, 17, 16, 15, 13, 0, 4, 8, 6, 24, 16, 25, 15],
[9, 22, 7, 7, 14, 19, 13, 22, 14, 18, 11, 10, 4, 0, 11, 10, 23, 16, 23, 11],
[7, 22, 7, 12, 4, 22, 18, 24, 20, 9, 20, 13, 8, 11, 0, 3, 21, 10, 23, 21],
[4, 25, 4, 13, 7, 24, 20, 26, 21, 12, 20, 15, 6, 10, 3, 0, 23, 13, 26, 21],
[27, 4, 26, 16, 19, 9, 14, 9, 16, 15, 23, 13, 24, 23, 21, 23, 0, 12, 5, 24],
[17, 15, 16, 13, 7, 16, 16, 18, 18, 4, 22, 11, 16, 16, 10, 13, 12, 0, 16, 23],
[28, 1, 27, 16, 22, 5, 11, 4, 13, 19, 20, 13, 25, 23, 23, 26, 5, 16, 0, 21],
[20, 21, 18, 10, 23, 16, 10, 18, 8, 25, 1, 12, 15, 11, 21, 21, 24, 23, 21, 0]
   ],
//setup on machine: MAQ 5
[   [0, 21, 4, 13, 10, 10, 20, 14, 4, 19, 6, 16, 16, 5, 1, 20, 9, 5, 10, 21],
[21, 0, 19, 22, 17, 28, 3, 14, 17, 7, 15, 16, 10, 24, 21, 1, 14, 16, 23, 17],
[4, 19, 0, 9, 7, 9, 18, 15, 3, 17, 4, 13, 13, 5, 4, 18, 10, 4, 7, 18],
[13, 22, 9, 0, 5, 9, 20, 23, 12, 17, 11, 8, 13, 10, 13, 22, 18, 11, 3, 12],
[10, 17, 7, 5, 0, 11, 16, 19, 8, 13, 7, 6, 9, 10, 11, 17, 14, 7, 6, 11],
[10, 28, 9, 9, 11, 0, 26, 24, 12, 24, 13, 16, 20, 5, 10, 27, 19, 13, 6, 21],
[20, 3, 18, 20, 16, 26, 0, 16, 16, 4, 14, 14, 8, 23, 21, 4, 15, 15, 21, 14],
[14, 14, 15, 23, 19, 24, 16, 0, 12, 18, 12, 22, 18, 19, 14, 13, 5, 12, 22, 26],
[4, 17, 3, 12, 8, 12, 16, 12, 0, 15, 2, 13, 12, 8, 5, 16, 7, 1, 10, 18],
[19, 7, 17, 17, 13, 24, 4, 18, 15, 0, 13, 10, 4, 22, 20, 7, 16, 14, 18, 10],
[6, 15, 4, 11, 7, 13, 14, 12, 2, 13, 0, 11, 10, 9, 7, 14, 7, 1, 10, 16],
[16, 16, 13, 8, 6, 16, 14, 22, 13, 10, 11, 0, 6, 16, 17, 16, 18, 12, 10, 5],
[16, 10, 13, 13, 9, 20, 8, 18, 12, 4, 10, 6, 0, 18, 17, 10, 14, 11, 14, 8],
[5, 24, 5, 10, 10, 5, 23, 19, 8, 22, 9, 16, 18, 0, 5, 23, 14, 8, 7, 21],
[1, 21, 4, 13, 11, 10, 21, 14, 5, 20, 7, 17, 17, 5, 0, 21, 9, 6, 11, 22],
[20, 1, 18, 22, 17, 27, 4, 13, 16, 7, 14, 16, 10, 23, 21, 0, 13, 15, 22, 17],
[9, 14, 10, 18, 14, 19, 15, 5, 7, 16, 7, 18, 14, 14, 9, 13, 0, 7, 17, 22],
[5, 16, 4, 11, 7, 13, 15, 12, 1, 14, 1, 12, 11, 8, 6, 15, 7, 0, 10, 17],
[10, 23, 7, 3, 6, 6, 21, 22, 10, 18, 10, 10, 14, 7, 11, 22, 17, 10, 0, 15],
[21, 17, 18, 12, 11, 21, 14, 26, 18, 10, 16, 5, 8, 21, 22, 17, 22, 17, 15, 0]
   ],
//setup on machine: MAQ 6
[   [0, 13, 18, 20, 15, 20, 17, 5, 6, 21, 17, 8, 4, 22, 9, 15, 28, 9, 4, 23],
[13, 0, 15, 28, 2, 24, 17, 18, 7, 17, 25, 5, 13, 29, 20, 11, 24, 6, 9, 25],
[18, 15, 0, 19, 16, 11, 4, 21, 16, 4, 16, 15, 14, 18, 18, 4, 10, 12, 16, 11],
[20, 28, 19, 0, 30, 9, 15, 17, 23, 22, 4, 25, 17, 4, 11, 20, 24, 23, 22, 12],
[15, 2, 16, 30, 0, 25, 18, 20, 9, 17, 26, 7, 15, 30, 22, 12, 24, 8, 11, 26],
[20, 24, 11, 9, 25, 0, 7, 20, 21, 13, 7, 22, 16, 7, 14, 13, 15, 19, 20, 4],
[17, 17, 4, 15, 18, 7, 0, 19, 16, 7, 12, 16, 13, 14, 15, 6, 11, 13, 16, 8],
[5, 18, 21, 17, 20, 20, 19, 0, 11, 24, 15, 13, 7, 20, 6, 18, 30, 13, 9, 23],
[6, 7, 16, 23, 9, 21, 16, 11, 0, 18, 20, 2, 6, 25, 14, 12, 25, 4, 2, 23],
[21, 17, 4, 22, 17, 13, 7, 24, 18, 0, 19, 18, 18, 20, 21, 7, 7, 15, 19, 13],
[17, 25, 16, 4, 26, 7, 12, 15, 20, 19, 0, 21, 14, 5, 9, 17, 22, 19, 19, 11],
[8, 5, 15, 25, 7, 22, 16, 13, 2, 18, 21, 0, 8, 26, 16, 11, 25, 3, 4, 24],
[4, 13, 14, 17, 15, 16, 13, 7, 6, 18, 14, 8, 0, 19, 8, 11, 24, 7, 5, 19],
[22, 29, 18, 4, 30, 7, 14, 20, 25, 20, 5, 26, 19, 0, 14, 20, 21, 23, 24, 9],
[9, 20, 18, 11, 22, 14, 15, 6, 14, 21, 9, 16, 8, 14, 0, 16, 26, 15, 12, 18],
[15, 11, 4, 20, 12, 13, 6, 18, 12, 7, 17, 11, 11, 20, 16, 0, 14, 8, 13, 14],
[28, 24, 10, 24, 24, 15, 11, 30, 25, 7, 22, 25, 24, 21, 26, 14, 0, 22, 26, 12],
[9, 6, 12, 23, 8, 19, 13, 13, 4, 15, 19, 3, 7, 23, 15, 8, 22, 0, 5, 21],
[4, 9, 16, 22, 11, 20, 16, 9, 2, 19, 19, 4, 5, 24, 12, 13, 26, 5, 0, 23],
[23, 25, 11, 12, 26, 4, 8, 23, 23, 13, 11, 24, 19, 9, 18, 14, 12, 21, 23, 0]
   ],
//setup on machine: MAQ 7
[   [0, 17, 25, 22, 15, 17, 23, 2, 21, 3, 25, 20, 19, 18, 12, 22, 24, 17, 17, 27],
[17, 0, 21, 11, 23, 1, 18, 19, 16, 18, 15, 16, 11, 23, 9, 12, 22, 24, 17, 22],
[25, 21, 0, 12, 15, 22, 3, 26, 5, 23, 9, 5, 10, 12, 15, 11, 2, 14, 8, 2],
[22, 11, 12, 0, 21, 12, 9, 24, 8, 21, 4, 8, 4, 19, 10, 1, 13, 21, 12, 12],
[15, 23, 15, 21, 0, 24, 16, 16, 14, 12, 20, 13, 17, 4, 14, 20, 14, 2, 9, 17],
[17, 1, 22, 12, 24, 0, 19, 19, 17, 18, 16, 17, 12, 24, 10, 13, 23, 25, 18, 23],
[23, 18, 3, 9, 16, 19, 0, 25, 3, 22, 6, 4, 7, 13, 13, 8, 5, 15, 7, 4],
[2, 19, 26, 24, 16, 19, 25, 0, 22, 4, 26, 21, 21, 18, 14, 24, 25, 18, 18, 28],
[21, 16, 5, 8, 14, 17, 3, 22, 0, 19, 6, 1, 5, 12, 10, 7, 6, 14, 5, 7],
[3, 18, 23, 21, 12, 18, 22, 4, 19, 0, 23, 18, 18, 15, 11, 22, 22, 14, 15, 25],
[25, 15, 9, 4, 20, 16, 6, 26, 6, 23, 0, 7, 6, 18, 13, 3, 11, 20, 11, 9],
[20, 16, 5, 8, 13, 17, 4, 21, 1, 18, 7, 0, 5, 11, 10, 8, 6, 13, 4, 7],
[19, 11, 10, 4, 17, 12, 7, 21, 5, 18, 6, 5, 0, 15, 7, 4, 11, 17, 8, 11],
[18, 23, 12, 19, 4, 24, 13, 18, 12, 15, 18, 11, 15, 0, 14, 18, 10, 2, 7, 14],
[12, 9, 15, 10, 14, 10, 13, 14, 10, 11, 13, 10, 7, 14, 0, 11, 16, 15, 9, 17],
[22, 12, 11, 1, 20, 13, 8, 24, 7, 22, 3, 8, 4, 18, 11, 0, 13, 20, 11, 11],
[24, 22, 2, 13, 14, 23, 5, 25, 6, 22, 11, 6, 11, 10, 16, 13, 0, 12, 7, 4],
[17, 24, 14, 21, 2, 25, 15, 18, 14, 14, 20, 13, 17, 2, 15, 20, 12, 0, 9, 16],
[17, 17, 8, 12, 9, 18, 7, 18, 5, 15, 11, 4, 8, 7, 9, 11, 7, 9, 0, 10],
[27, 22, 2, 12, 17, 23, 4, 28, 7, 25, 9, 7, 11, 14, 17, 11, 4, 16, 10, 0]
   ],
//setup on machine: MAQ 8
[   [0, 20, 17, 15, 2, 13, 18, 23, 26, 22, 25, 13, 12, 5, 19, 12, 11, 25, 8, 22],
[20, 0, 19, 13, 22, 20, 9, 14, 11, 2, 11, 21, 22, 15, 12, 15, 12, 13, 22, 7],
[17, 19, 0, 25, 18, 4, 24, 10, 16, 19, 15, 6, 7, 16, 9, 6, 20, 13, 25, 26],
[15, 13, 25, 0, 17, 23, 5, 24, 24, 15, 23, 24, 24, 11, 21, 19, 5, 25, 12, 10],
[2, 22, 18, 17, 0, 14, 20, 24, 28, 24, 27, 13, 12, 7, 21, 13, 13, 26, 9, 24],
[13, 20, 4, 23, 14, 0, 23, 13, 19, 20, 18, 2, 3, 13, 11, 5, 18, 16, 21, 25],
[18, 9, 24, 5, 20, 23, 0, 21, 20, 11, 19, 24, 24, 13, 18, 18, 7, 21, 16, 5],
[23, 14, 10, 24, 24, 13, 21, 0, 6, 12, 5, 15, 16, 19, 4, 11, 21, 3, 28, 21],
[26, 11, 16, 24, 28, 19, 20, 6, 0, 9, 1, 21, 22, 22, 8, 16, 22, 4, 30, 18],
[22, 2, 19, 15, 24, 20, 11, 12, 9, 0, 9, 22, 22, 17, 11, 15, 14, 11, 24, 9],
[25, 11, 15, 23, 27, 18, 19, 5, 1, 9, 0, 20, 21, 21, 7, 15, 21, 3, 30, 18],
[13, 21, 6, 24, 13, 2, 24, 15, 21, 22, 20, 0, 1, 14, 13, 7, 19, 18, 21, 27],
[12, 22, 7, 24, 12, 3, 24, 16, 22, 22, 21, 1, 0, 13, 14, 7, 19, 19, 20, 27],
[5, 15, 16, 11, 7, 13, 13, 19, 22, 17, 21, 14, 13, 0, 16, 10, 6, 21, 9, 17],
[19, 12, 9, 21, 21, 11, 18, 4, 8, 11, 7, 13, 14, 16, 0, 8, 17, 6, 25, 19],
[12, 15, 6, 19, 13, 5, 18, 11, 16, 15, 15, 7, 7, 10, 8, 0, 14, 13, 19, 21],
[11, 12, 20, 5, 13, 18, 7, 21, 22, 14, 21, 19, 19, 6, 17, 14, 0, 22, 10, 12],
[25, 13, 13, 25, 26, 16, 21, 3, 4, 11, 3, 18, 19, 21, 6, 13, 22, 0, 30, 20],
[8, 22, 25, 12, 9, 21, 16, 28, 30, 24, 30, 21, 20, 9, 25, 19, 10, 30, 0, 21],
[22, 7, 26, 10, 24, 25, 5, 21, 18, 9, 18, 27, 27, 17, 19, 21, 12, 20, 21, 0]
   ],
//setup on machine: MAQ 9
[   [0, 11, 11, 13, 13, 12, 9, 1, 14, 16, 8, 8, 14, 13, 10, 7, 6, 10, 5, 13],
[11, 0, 19, 16, 11, 20, 20, 11, 5, 5, 19, 15, 16, 16, 3, 18, 12, 16, 14, 2],
[11, 19, 0, 24, 13, 1, 9, 12, 20, 23, 10, 18, 25, 8, 19, 7, 7, 4, 6, 20],
[13, 16, 24, 0, 24, 25, 17, 12, 21, 20, 16, 6, 1, 26, 13, 18, 19, 23, 18, 18],
[13, 11, 13, 24, 0, 14, 19, 14, 8, 12, 19, 20, 25, 7, 13, 17, 9, 9, 11, 10],
[12, 20, 1, 25, 14, 0, 10, 13, 21, 24, 10, 19, 26, 8, 20, 7, 8, 5, 7, 21],
[9, 20, 9, 17, 19, 10, 0, 9, 23, 25, 1, 11, 18, 16, 18, 3, 11, 12, 9, 21],
[1, 11, 12, 12, 14, 13, 9, 0, 15, 16, 8, 7, 13, 14, 9, 8, 7, 11, 6, 13],
[14, 5, 20, 21, 8, 21, 23, 15, 0, 4, 22, 19, 21, 15, 8, 21, 13, 16, 15, 3],
[16, 5, 23, 20, 12, 24, 25, 16, 4, 0, 24, 20, 20, 19, 8, 23, 16, 19, 18, 4],
[8, 19, 10, 16, 19, 10, 1, 8, 22, 24, 0, 10, 17, 16, 17, 3, 10, 12, 8, 21],
[8, 15, 18, 6, 20, 19, 11, 7, 19, 20, 10, 0, 7, 21, 12, 12, 14, 18, 13, 17],
[14, 16, 25, 1, 25, 26, 18, 13, 21, 20, 17, 7, 0, 27, 13, 19, 20, 24, 19, 18],
[13, 16, 8, 26, 7, 8, 16, 14, 15, 19, 16, 21, 27, 0, 17, 13, 7, 4, 9, 16],
[10, 3, 19, 13, 13, 20, 18, 9, 8, 8, 17, 12, 13, 17, 0, 17, 12, 16, 13, 5],
[7, 18, 7, 18, 17, 7, 3, 8, 21, 23, 3, 12, 19, 13, 17, 0, 8, 9, 6, 19],
[6, 12, 7, 19, 9, 8, 11, 7, 13, 16, 10, 14, 20, 7, 12, 8, 0, 4, 2, 13],
[10, 16, 4, 23, 9, 5, 12, 11, 16, 19, 12, 18, 24, 4, 16, 9, 4, 0, 5, 16],
[5, 14, 6, 18, 11, 7, 9, 6, 15, 18, 8, 13, 19, 9, 13, 6, 2, 5, 0, 14],
[13, 2, 20, 18, 10, 21, 21, 13, 3, 4, 21, 17, 18, 16, 5, 19, 13, 16, 14, 0]
   ],
//setup on machine: MAQ 10
[   [0, 16, 16, 7, 18, 13, 14, 20, 4, 14, 6, 10, 9, 17, 15, 16, 8, 19, 14, 20],
[16, 0, 3, 20, 18, 7, 5, 12, 14, 6, 11, 6, 12, 20, 1, 22, 20, 21, 7, 17],
[16, 3, 0, 20, 15, 5, 3, 9, 14, 9, 12, 7, 14, 17, 4, 20, 20, 18, 5, 14],
[7, 20, 20, 0, 16, 16, 17, 21, 6, 20, 12, 15, 15, 14, 20, 11, 2, 16, 16, 19],
[18, 18, 15, 16, 0, 11, 13, 9, 14, 22, 19, 17, 22, 3, 18, 8, 14, 3, 11, 4],
[13, 7, 5, 16, 11, 0, 2, 8, 10, 11, 10, 6, 13, 13, 7, 16, 15, 14, 1, 11],
[14, 5, 3, 17, 13, 2, 0, 8, 12, 10, 11, 6, 13, 15, 6, 17, 17, 16, 2, 12],
[20, 12, 9, 21, 9, 8, 8, 0, 17, 18, 18, 14, 21, 12, 13, 16, 20, 12, 7, 6],
[4, 14, 14, 6, 14, 10, 12, 17, 0, 14, 7, 9, 11, 13, 14, 12, 6, 15, 11, 16],
[14, 6, 9, 20, 22, 11, 10, 18, 14, 0, 8, 6, 7, 23, 5, 25, 20, 25, 12, 22],
[6, 11, 12, 12, 19, 10, 11, 18, 7, 8, 0, 5, 4, 19, 10, 19, 13, 21, 11, 20],
[10, 6, 7, 15, 17, 6, 6, 14, 9, 6, 5, 0, 7, 18, 5, 19, 15, 19, 7, 17],
[9, 12, 14, 15, 22, 13, 13, 21, 11, 7, 4, 7, 0, 23, 11, 23, 16, 25, 14, 24],
[17, 20, 17, 14, 3, 13, 15, 12, 13, 23, 19, 18, 23, 0, 20, 5, 12, 2, 13, 7],
[15, 1, 4, 20, 18, 7, 6, 13, 14, 5, 10, 5, 11, 20, 0, 22, 20, 21, 8, 18],
[16, 22, 20, 11, 8, 16, 17, 16, 12, 25, 19, 19, 23, 5, 22, 0, 9, 6, 15, 12],
[8, 20, 20, 2, 14, 15, 17, 20, 6, 20, 13, 15, 16, 12, 20, 9, 0, 14, 15, 17],
[19, 21, 18, 16, 3, 14, 16, 12, 15, 25, 21, 19, 25, 2, 21, 6, 14, 0, 14, 6],
[14, 7, 5, 16, 11, 1, 2, 7, 11, 12, 11, 7, 14, 13, 8, 15, 15, 14, 0, 10],
[20, 17, 14, 19, 4, 11, 12, 6, 16, 22, 20, 17, 24, 7, 18, 12, 17, 6, 10, 0]
   ],
//setup on machine: MAQ 11
[   [0, 3, 15, 21, 9, 5, 4, 15, 9, 11, 6, 17, 19, 14, 24, 17, 24, 4, 14, 24],
[3, 0, 15, 21, 11, 2, 2, 17, 9, 10, 8, 19, 22, 13, 25, 19, 25, 5, 15, 26],
[15, 15, 0, 7, 7, 15, 13, 9, 6, 6, 10, 17, 16, 5, 10, 8, 15, 11, 3, 12],
[21, 21, 7, 0, 14, 20, 19, 16, 12, 11, 17, 24, 22, 8, 9, 13, 18, 17, 10, 14],
[9, 11, 7, 14, 0, 11, 9, 7, 4, 7, 4, 12, 13, 9, 15, 8, 15, 6, 5, 15],
[5, 2, 15, 20, 11, 0, 2, 18, 9, 9, 9, 21, 23, 12, 25, 19, 26, 6, 15, 26],
[4, 2, 13, 19, 9, 2, 0, 16, 7, 8, 7, 19, 21, 11, 23, 17, 24, 4, 13, 24],
[15, 17, 9, 16, 7, 18, 16, 0, 10, 13, 9, 8, 7, 14, 13, 3, 9, 12, 6, 10],
[9, 9, 6, 12, 4, 9, 7, 10, 0, 3, 6, 16, 17, 6, 16, 11, 18, 5, 6, 17],
[11, 10, 6, 11, 7, 9, 8, 13, 3, 0, 9, 19, 20, 3, 16, 13, 20, 7, 8, 18],
[6, 8, 10, 17, 4, 9, 7, 9, 6, 9, 0, 12, 14, 11, 19, 11, 18, 3, 9, 18],
[17, 19, 17, 24, 12, 21, 19, 8, 16, 19, 12, 0, 4, 21, 20, 11, 12, 15, 14, 16],
[19, 22, 16, 22, 13, 23, 21, 7, 17, 20, 14, 4, 0, 21, 18, 9, 8, 17, 13, 13],
[14, 13, 5, 8, 9, 12, 11, 14, 6, 3, 11, 21, 21, 0, 14, 13, 20, 10, 8, 17],
[24, 25, 10, 9, 15, 25, 23, 13, 16, 16, 19, 20, 18, 14, 0, 10, 11, 20, 10, 6],
[17, 19, 8, 13, 8, 19, 17, 3, 11, 13, 11, 11, 9, 13, 10, 0, 7, 14, 5, 7],
[24, 25, 15, 18, 15, 26, 24, 9, 18, 20, 18, 12, 8, 20, 11, 7, 0, 21, 12, 5],
[4, 5, 11, 17, 6, 6, 4, 12, 5, 7, 3, 15, 17, 10, 20, 14, 21, 0, 10, 21],
[14, 15, 3, 10, 5, 15, 13, 6, 6, 8, 9, 14, 13, 8, 10, 5, 12, 10, 0, 11],
[24, 26, 12, 14, 15, 26, 24, 10, 17, 18, 18, 16, 13, 17, 6, 7, 5, 21, 11, 0]
   ],
//setup on machine: MAQ 12
[   [0, 10, 13, 20, 16, 11, 20, 7, 13, 15, 22, 10, 21, 18, 15, 11, 20, 3, 9, 20],
[10, 0, 20, 23, 23, 17, 14, 3, 5, 14, 21, 6, 17, 22, 23, 18, 19, 8, 5, 15],
[13, 20, 0, 9, 3, 4, 21, 18, 19, 12, 16, 15, 19, 7, 5, 3, 14, 14, 22, 20],
[20, 23, 9, 0, 9, 9, 18, 22, 20, 10, 9, 17, 14, 2, 13, 11, 8, 19, 26, 16],
[16, 23, 3, 9, 0, 7, 24, 21, 22, 15, 17, 18, 21, 8, 4, 6, 16, 17, 25, 22],
[11, 17, 4, 9, 7, 0, 17, 14, 15, 9, 13, 11, 16, 7, 9, 3, 12, 11, 18, 16],
[20, 14, 21, 18, 24, 17, 0, 16, 9, 9, 11, 10, 5, 18, 26, 20, 10, 17, 19, 2],
[7, 3, 18, 22, 21, 14, 16, 0, 7, 14, 21, 6, 18, 21, 21, 15, 19, 5, 4, 16],
[13, 5, 19, 20, 22, 15, 9, 7, 0, 11, 17, 4, 12, 19, 23, 17, 15, 10, 10, 10],
[15, 14, 12, 10, 15, 9, 9, 14, 11, 0, 7, 8, 7, 9, 17, 11, 5, 13, 18, 8],
[22, 21, 16, 9, 17, 13, 11, 21, 17, 7, 0, 15, 6, 9, 21, 16, 2, 20, 25, 9],
[10, 6, 15, 17, 18, 11, 10, 6, 4, 8, 15, 0, 12, 16, 19, 13, 13, 7, 10, 10],
[21, 17, 19, 14, 21, 16, 5, 18, 12, 7, 6, 12, 0, 14, 24, 18, 6, 19, 22, 3],
[18, 22, 7, 2, 8, 7, 18, 21, 19, 9, 9, 16, 14, 0, 12, 9, 9, 17, 25, 16],
[15, 23, 5, 13, 4, 9, 26, 21, 23, 17, 21, 19, 24, 12, 0, 6, 19, 16, 24, 25],
[11, 18, 3, 11, 6, 3, 20, 15, 17, 11, 16, 13, 18, 9, 6, 0, 14, 11, 19, 19],
[20, 19, 14, 8, 16, 12, 10, 19, 15, 5, 2, 13, 6, 9, 19, 14, 0, 18, 23, 8],
[3, 8, 14, 19, 17, 11, 17, 5, 10, 13, 20, 7, 19, 17, 16, 11, 18, 0, 8, 17],
[9, 5, 22, 26, 25, 18, 19, 4, 10, 18, 25, 10, 22, 25, 24, 19, 23, 8, 0, 20],
[20, 15, 20, 16, 22, 16, 2, 16, 10, 8, 9, 10, 3, 16, 25, 19, 8, 17, 20, 0]
   ],
//setup on machine: MAQ 13
[   [0, 21, 20, 14, 12, 11, 20, 18, 23, 7, 9, 6, 10, 1, 16, 9, 19, 17, 11, 22],
[21, 0, 17, 10, 21, 17, 4, 4, 15, 24, 16, 16, 23, 21, 10, 16, 17, 4, 18, 3],
[20, 17, 0, 21, 10, 25, 13, 18, 4, 17, 23, 18, 14, 19, 7, 22, 1, 15, 9, 20],
[14, 10, 21, 0, 20, 7, 12, 6, 21, 20, 6, 9, 21, 15, 14, 7, 21, 8, 17, 9],
[12, 21, 10, 20, 0, 21, 18, 20, 14, 7, 19, 14, 4, 11, 11, 18, 9, 18, 3, 23],
[11, 17, 25, 7, 21, 0, 18, 13, 26, 18, 2, 7, 20, 12, 18, 3, 24, 15, 18, 16],
[20, 4, 13, 12, 18, 18, 0, 6, 11, 22, 16, 15, 21, 20, 7, 16, 13, 4, 15, 7],
[18, 4, 18, 6, 20, 13, 6, 0, 17, 22, 12, 13, 22, 19, 11, 12, 18, 3, 17, 4],
[23, 15, 4, 21, 14, 26, 11, 17, 0, 21, 24, 21, 18, 23, 8, 24, 5, 14, 13, 18],
[7, 24, 17, 20, 7, 18, 22, 22, 21, 0, 16, 11, 4, 6, 16, 15, 16, 21, 8, 25],
[9, 16, 23, 6, 19, 2, 16, 12, 24, 16, 0, 5, 18, 10, 16, 1, 22, 13, 16, 15],
[6, 16, 18, 9, 14, 7, 15, 13, 21, 11, 5, 0, 13, 6, 13, 4, 18, 12, 11, 16],
[10, 23, 14, 21, 4, 20, 21, 22, 18, 4, 18, 13, 0, 9, 14, 17, 13, 20, 6, 25],
[1, 21, 19, 15, 11, 12, 20, 19, 23, 6, 10, 6, 9, 0, 16, 9, 18, 18, 10, 22],
[16, 10, 7, 14, 11, 18, 7, 11, 8, 16, 16, 13, 14, 16, 0, 16, 7, 8, 9, 13],
[9, 16, 22, 7, 18, 3, 16, 12, 24, 15, 1, 4, 17, 9, 16, 0, 21, 13, 15, 16],
[19, 17, 1, 21, 9, 24, 13, 18, 5, 16, 22, 18, 13, 18, 7, 21, 0, 15, 8, 20],
[17, 4, 15, 8, 18, 15, 4, 3, 14, 21, 13, 12, 20, 18, 8, 13, 15, 0, 15, 5],
[11, 18, 9, 17, 3, 18, 15, 17, 13, 8, 16, 11, 6, 10, 9, 15, 8, 15, 0, 20],
[22, 3, 20, 9, 23, 16, 7, 4, 18, 25, 15, 16, 25, 22, 13, 16, 20, 5, 20, 0]
   ],
//setup on machine: MAQ 14
[   [0, 20, 14, 9, 19, 20, 21, 6, 9, 21, 14, 21, 18, 18, 16, 12, 11, 14, 7, 4],
[20, 0, 27, 11, 25, 15, 13, 15, 26, 23, 12, 18, 24, 19, 16, 19, 11, 7, 20, 22],
[14, 27, 0, 18, 9, 18, 20, 18, 6, 13, 16, 16, 8, 13, 13, 9, 22, 24, 21, 16],
[9, 11, 18, 0, 20, 16, 16, 4, 16, 20, 9, 17, 19, 16, 13, 12, 4, 6, 10, 11],
[19, 25, 9, 20, 0, 12, 15, 22, 14, 5, 14, 9, 1, 7, 9, 8, 24, 24, 26, 22],
[20, 15, 18, 16, 12, 0, 3, 19, 20, 8, 7, 3, 11, 5, 5, 10, 19, 17, 25, 24],
[21, 13, 20, 16, 15, 3, 0, 19, 22, 11, 8, 6, 14, 8, 7, 12, 18, 16, 25, 25],
[6, 15, 18, 4, 22, 19, 19, 0, 14, 22, 12, 21, 21, 19, 16, 14, 5, 9, 6, 7],
[9, 26, 6, 16, 14, 20, 22, 14, 0, 17, 16, 19, 13, 16, 15, 10, 19, 21, 16, 11],
[21, 23, 13, 20, 5, 8, 11, 22, 17, 0, 12, 5, 5, 4, 7, 9, 24, 23, 27, 25],
[14, 12, 16, 9, 14, 7, 8, 12, 16, 12, 0, 9, 13, 8, 5, 7, 12, 11, 18, 17],
[21, 18, 16, 17, 9, 3, 6, 21, 19, 5, 9, 0, 9, 3, 5, 9, 21, 20, 26, 24],
[18, 24, 8, 19, 1, 11, 14, 21, 13, 5, 13, 9, 0, 6, 8, 7, 23, 23, 25, 22],
[18, 19, 13, 16, 7, 5, 8, 19, 16, 4, 8, 3, 6, 0, 3, 7, 20, 19, 24, 22],
[16, 16, 13, 13, 9, 5, 7, 16, 15, 7, 5, 5, 8, 3, 0, 5, 17, 16, 21, 19],
[12, 19, 9, 12, 8, 10, 12, 14, 10, 9, 7, 9, 7, 7, 5, 0, 16, 16, 18, 16],
[11, 11, 22, 4, 24, 19, 18, 5, 19, 24, 12, 21, 23, 20, 17, 16, 0, 4, 9, 12],
[14, 7, 24, 6, 24, 17, 16, 9, 21, 23, 11, 20, 23, 19, 16, 16, 4, 0, 13, 16],
[7, 20, 21, 10, 26, 25, 25, 6, 16, 27, 18, 26, 25, 24, 21, 18, 9, 13, 0, 5],
[4, 22, 16, 11, 22, 24, 25, 7, 11, 25, 17, 24, 22, 22, 19, 16, 12, 16, 5, 0]
   ],
//setup on machine: MAQ 15
[   [0, 10, 13, 9, 13, 18, 9, 7, 13, 16, 11, 25, 25, 17, 17, 20, 25, 11, 22, 1],
[10, 0, 7, 3, 3, 12, 10, 13, 8, 16, 9, 19, 22, 10, 8, 11, 17, 4, 25, 9],
[13, 7, 0, 5, 8, 6, 7, 11, 1, 10, 3, 13, 15, 4, 8, 7, 12, 3, 19, 12],
[9, 3, 5, 0, 5, 11, 7, 10, 6, 14, 6, 18, 20, 9, 9, 11, 17, 3, 22, 8],
[13, 3, 8, 5, 0, 11, 12, 15, 9, 17, 10, 18, 22, 9, 5, 10, 16, 5, 26, 12],
[18, 12, 6, 11, 11, 0, 12, 16, 5, 11, 8, 7, 11, 2, 9, 4, 7, 8, 20, 18],
[9, 10, 7, 7, 12, 12, 0, 4, 7, 8, 4, 18, 17, 11, 15, 14, 18, 8, 15, 8],
[7, 13, 11, 10, 15, 16, 4, 0, 11, 10, 8, 22, 20, 15, 18, 18, 22, 11, 15, 7],
[13, 8, 1, 6, 9, 5, 7, 11, 0, 9, 3, 12, 14, 4, 9, 7, 12, 4, 18, 13],
[16, 16, 10, 14, 17, 11, 8, 10, 9, 0, 8, 14, 10, 12, 18, 14, 16, 13, 9, 16],
[11, 9, 3, 6, 10, 8, 4, 8, 3, 8, 0, 14, 15, 7, 11, 10, 14, 5, 16, 11],
[25, 19, 13, 18, 18, 7, 18, 22, 12, 14, 14, 0, 9, 9, 14, 8, 4, 15, 21, 25],
[25, 22, 15, 20, 22, 11, 17, 20, 14, 10, 15, 9, 0, 13, 20, 14, 12, 18, 14, 25],
[17, 10, 4, 9, 9, 2, 11, 15, 4, 12, 7, 9, 13, 0, 7, 3, 8, 6, 21, 16],
[17, 8, 8, 9, 5, 9, 15, 18, 9, 18, 11, 14, 20, 7, 0, 6, 11, 7, 27, 16],
[20, 11, 7, 11, 10, 4, 14, 18, 7, 14, 10, 8, 14, 3, 6, 0, 6, 9, 23, 19],
[25, 17, 12, 17, 16, 7, 18, 22, 12, 16, 14, 4, 12, 8, 11, 6, 0, 14, 24, 24],
[11, 4, 3, 3, 5, 8, 8, 11, 4, 13, 5, 15, 18, 6, 7, 9, 14, 0, 21, 10],
[22, 25, 19, 22, 26, 20, 15, 15, 18, 9, 16, 21, 14, 21, 27, 23, 24, 21, 0, 22],
[1, 9, 12, 8, 12, 18, 8, 7, 13, 16, 11, 25, 25, 16, 16, 19, 24, 10, 22, 0]
   ],
//setup on machine: MAQ 16
[   [0, 16, 24, 5, 4, 23, 8, 14, 13, 18, 6, 16, 10, 22, 16, 19, 16, 18, 21, 23],
[16, 0, 9, 13, 17, 13, 14, 11, 8, 18, 21, 9, 10, 8, 3, 11, 10, 10, 9, 8],
[24, 9, 0, 20, 25, 9, 23, 19, 17, 19, 29, 11, 16, 2, 11, 17, 17, 10, 14, 1],
[5, 13, 20, 0, 9, 18, 11, 15, 13, 13, 11, 11, 5, 18, 14, 19, 17, 13, 20, 19],
[4, 17, 25, 9, 0, 26, 5, 12, 12, 22, 4, 19, 14, 24, 17, 18, 15, 21, 20, 25],
[23, 13, 9, 18, 26, 0, 25, 24, 21, 11, 29, 7, 13, 8, 16, 24, 23, 5, 22, 10],
[8, 14, 23, 11, 5, 25, 0, 7, 8, 23, 9, 18, 14, 22, 13, 13, 10, 20, 16, 22],
[14, 11, 19, 15, 12, 24, 7, 0, 3, 25, 16, 18, 16, 19, 9, 6, 3, 20, 9, 18],
[13, 8, 17, 13, 12, 21, 8, 3, 0, 23, 16, 16, 14, 16, 6, 6, 4, 17, 8, 16],
[18, 18, 19, 13, 22, 11, 23, 25, 23, 0, 24, 9, 9, 17, 21, 28, 26, 9, 27, 19],
[6, 21, 29, 11, 4, 29, 9, 16, 16, 24, 0, 22, 16, 28, 21, 22, 19, 24, 24, 29],
[16, 9, 11, 11, 19, 7, 18, 18, 16, 9, 22, 0, 6, 9, 12, 20, 18, 2, 18, 11],
[10, 10, 16, 5, 14, 13, 14, 16, 14, 9, 16, 6, 0, 14, 13, 19, 17, 8, 19, 15],
[22, 8, 2, 18, 24, 8, 22, 19, 16, 17, 28, 9, 14, 0, 10, 17, 17, 8, 14, 2],
[16, 3, 11, 14, 17, 16, 13, 9, 6, 21, 21, 12, 13, 10, 0, 8, 7, 13, 6, 10],
[19, 11, 17, 19, 18, 24, 13, 6, 6, 28, 22, 20, 19, 17, 8, 0, 3, 21, 4, 16],
[16, 10, 17, 17, 15, 23, 10, 3, 4, 26, 19, 18, 17, 17, 7, 3, 0, 20, 6, 16],
[18, 10, 10, 13, 21, 5, 20, 20, 17, 9, 24, 2, 8, 8, 13, 21, 20, 0, 19, 10],
[21, 9, 14, 20, 20, 22, 16, 9, 8, 27, 24, 18, 19, 14, 6, 4, 6, 19, 0, 13],
[23, 8, 1, 19, 25, 10, 22, 18, 16, 19, 29, 11, 15, 2, 10, 16, 16, 10, 13, 0]
   ],
//setup on machine: MAQ 17
[   [0, 16, 12, 10, 22, 7, 17, 15, 18, 23, 19, 18, 19, 14, 16, 8, 5, 18, 7, 14],
[16, 0, 4, 9, 13, 10, 16, 7, 2, 16, 15, 3, 6, 3, 19, 19, 12, 4, 10, 2],
[12, 4, 0, 5, 15, 7, 16, 6, 6, 17, 15, 6, 8, 2, 18, 16, 9, 6, 7, 3],
[10, 9, 5, 0, 20, 8, 19, 5, 11, 22, 19, 9, 10, 6, 21, 16, 9, 9, 9, 8],
[22, 13, 15, 20, 0, 16, 9, 20, 12, 4, 5, 15, 18, 15, 13, 20, 17, 16, 15, 12],
[7, 10, 7, 8, 16, 0, 12, 12, 12, 17, 13, 13, 15, 9, 13, 9, 2, 13, 1, 8],
[17, 16, 16, 19, 9, 12, 0, 22, 16, 7, 4, 19, 22, 17, 4, 12, 13, 20, 11, 14],
[15, 7, 6, 5, 20, 12, 22, 0, 9, 23, 21, 6, 5, 5, 24, 21, 13, 6, 13, 8],
[18, 2, 6, 11, 12, 12, 16, 9, 0, 15, 14, 3, 6, 5, 20, 21, 14, 4, 12, 4],
[23, 16, 17, 22, 4, 17, 7, 23, 15, 0, 4, 18, 21, 18, 11, 19, 18, 19, 16, 15],
[19, 15, 15, 19, 5, 13, 4, 21, 14, 4, 0, 17, 20, 16, 8, 16, 14, 18, 13, 13],
[18, 3, 6, 9, 15, 13, 19, 6, 3, 18, 17, 0, 3, 4, 22, 22, 15, 1, 13, 5],
[19, 6, 8, 10, 18, 15, 22, 5, 6, 21, 20, 3, 0, 6, 25, 24, 17, 2, 15, 8],
[14, 3, 2, 6, 15, 9, 17, 5, 5, 18, 16, 4, 6, 0, 20, 18, 11, 4, 9, 3],
[16, 19, 18, 21, 13, 13, 4, 24, 20, 11, 8, 22, 25, 20, 0, 10, 13, 23, 12, 17],
[8, 19, 16, 16, 20, 9, 12, 21, 21, 19, 16, 22, 24, 18, 10, 0, 8, 22, 9, 17],
[5, 12, 9, 9, 17, 2, 13, 13, 14, 18, 14, 15, 17, 11, 13, 8, 0, 15, 2, 10],
[18, 4, 6, 9, 16, 13, 20, 6, 4, 19, 18, 1, 2, 4, 23, 22, 15, 0, 13, 6],
[7, 10, 7, 9, 15, 1, 11, 13, 12, 16, 13, 13, 15, 9, 12, 9, 2, 13, 0, 8],
[14, 2, 3, 8, 12, 8, 14, 8, 4, 15, 13, 5, 8, 3, 17, 17, 10, 6, 8, 0]
   ],
//setup on machine: MAQ 18
[   [0, 21, 17, 21, 23, 23, 8, 21, 11, 24, 20, 20, 19, 4, 18, 14, 13, 23, 16, 6],
[21, 0, 14, 16, 9, 9, 15, 11, 11, 8, 6, 13, 13, 18, 4, 19, 8, 23, 16, 16],
[17, 14, 0, 4, 8, 8, 10, 4, 14, 10, 18, 3, 2, 14, 13, 7, 9, 10, 3, 12],
[21, 16, 4, 0, 9, 9, 14, 5, 18, 11, 21, 3, 4, 17, 16, 9, 13, 7, 5, 16],
[23, 9, 8, 9, 0, 1, 15, 4, 15, 2, 14, 6, 6, 19, 10, 15, 10, 16, 11, 17],
[23, 9, 8, 9, 1, 0, 16, 4, 16, 2, 15, 6, 6, 20, 11, 15, 11, 16, 11, 18],
[8, 15, 10, 14, 15, 16, 0, 13, 8, 17, 16, 13, 12, 4, 12, 9, 7, 17, 9, 2],
[21, 11, 4, 5, 4, 4, 13, 0, 15, 6, 17, 2, 2, 17, 12, 11, 10, 12, 7, 15],
[11, 11, 14, 18, 15, 16, 8, 15, 0, 16, 9, 16, 15, 9, 7, 16, 5, 23, 15, 8],
[24, 8, 10, 11, 2, 2, 17, 6, 16, 0, 14, 8, 8, 21, 10, 17, 11, 18, 13, 19],
[20, 6, 18, 21, 14, 15, 16, 17, 9, 14, 0, 18, 17, 18, 5, 22, 9, 28, 20, 16],
[20, 13, 3, 3, 6, 6, 13, 2, 16, 8, 18, 0, 1, 17, 13, 9, 11, 10, 5, 15],
[19, 13, 2, 4, 6, 6, 12, 2, 15, 8, 17, 1, 0, 16, 13, 9, 10, 11, 5, 14],
[4, 18, 14, 17, 19, 20, 4, 17, 9, 21, 18, 17, 16, 0, 15, 11, 10, 20, 13, 2],
[18, 4, 13, 16, 10, 11, 12, 12, 7, 10, 5, 13, 13, 15, 0, 17, 5, 23, 15, 13],
[14, 19, 7, 9, 15, 15, 9, 11, 16, 17, 22, 9, 9, 11, 17, 0, 13, 9, 4, 10],
[13, 8, 9, 13, 10, 11, 7, 10, 5, 11, 9, 11, 10, 10, 5, 13, 0, 19, 11, 8],
[23, 23, 10, 7, 16, 16, 17, 12, 23, 18, 28, 10, 11, 20, 23, 9, 19, 0, 9, 19],
[16, 16, 3, 5, 11, 11, 9, 7, 15, 13, 20, 5, 5, 13, 15, 4, 11, 9, 0, 11],
[6, 16, 12, 16, 17, 18, 2, 15, 8, 19, 16, 15, 14, 2, 13, 10, 8, 19, 11, 0]
   ],
//setup on machine: MAQ 19
[   [0, 8, 24, 8, 18, 13, 7, 15, 5, 3, 11, 7, 7, 15, 21, 4, 14, 22, 9, 10],
[8, 0, 20, 4, 11, 5, 3, 16, 11, 9, 4, 6, 14, 15, 20, 10, 6, 16, 14, 11],
[24, 20, 0, 17, 13, 16, 23, 14, 22, 22, 16, 17, 25, 12, 9, 22, 21, 6, 21, 16],
[8, 4, 17, 0, 10, 5, 6, 13, 9, 7, 3, 3, 12, 12, 17, 8, 9, 14, 11, 8],
[18, 11, 13, 10, 0, 6, 14, 18, 19, 17, 7, 13, 22, 16, 18, 18, 9, 7, 20, 15],
[13, 5, 16, 5, 6, 0, 8, 16, 14, 12, 2, 8, 17, 14, 18, 13, 6, 11, 16, 12],
[7, 3, 23, 6, 14, 8, 0, 18, 11, 9, 7, 8, 14, 17, 23, 10, 7, 19, 15, 13],
[15, 16, 14, 13, 18, 16, 18, 0, 11, 12, 14, 10, 13, 2, 7, 11, 21, 16, 8, 5],
[5, 11, 22, 9, 19, 14, 11, 11, 0, 2, 12, 6, 3, 11, 17, 1, 17, 21, 4, 7],
[3, 9, 22, 7, 17, 12, 9, 12, 2, 0, 10, 5, 5, 12, 18, 1, 15, 21, 6, 7],
[11, 4, 16, 3, 7, 2, 7, 14, 12, 10, 0, 6, 15, 13, 17, 11, 7, 12, 14, 10],
[7, 6, 17, 3, 13, 8, 8, 10, 6, 5, 6, 0, 9, 9, 15, 5, 12, 16, 8, 5],
[7, 14, 25, 12, 22, 17, 14, 13, 3, 5, 15, 9, 0, 13, 19, 4, 20, 24, 5, 9],
[15, 15, 12, 12, 16, 14, 17, 2, 11, 12, 13, 9, 13, 0, 6, 11, 20, 14, 9, 5],
[21, 20, 9, 17, 18, 18, 23, 7, 17, 18, 17, 15, 19, 6, 0, 17, 24, 14, 14, 11],
[4, 10, 22, 8, 18, 13, 10, 11, 1, 1, 11, 5, 4, 11, 17, 0, 16, 21, 5, 6],
[14, 6, 21, 9, 9, 6, 7, 21, 17, 15, 7, 12, 20, 20, 24, 16, 0, 16, 20, 17],
[22, 16, 6, 14, 7, 11, 19, 16, 21, 21, 12, 16, 24, 14, 14, 21, 16, 0, 21, 16],
[9, 14, 21, 11, 20, 16, 15, 8, 4, 6, 14, 8, 5, 9, 14, 5, 20, 21, 0, 5],
[10, 11, 16, 8, 15, 12, 13, 5, 7, 7, 10, 5, 9, 5, 11, 6, 17, 16, 5, 0]
   ]
];