nbJobs = 4;
nbMchs = 4;

OpDurations = [
[57, 17, 9, 83]
[30, 43, 78, 40]
[8, 57, 19, 56]
[66, 64, 62, 5]
];

setup = [

// INSTANCIA 04X04-7
//setup on machine: MAQ 1
[   [0, 29, 19, 18],
[29, 0, 21, 24],
[19, 21, 0, 4],
[18, 24, 4, 0]
   ],
//setup on machine: MAQ 2
[   [0, 17, 17, 8],
[17, 0, 13, 11],
[17, 13, 0, 17],
[8, 11, 17, 0]
   ],
//setup on machine: MAQ 3
[   [0, 24, 3, 25],
[24, 0, 26, 20],
[3, 26, 0, 24],
[25, 20, 24, 0]
   ],
//setup on machine: MAQ 4
[   [0, 29, 13, 30],
[29, 0, 17, 3],
[13, 17, 0, 18],
[30, 3, 18, 0]
   ]
];