nbJobs = 5;
nbMchs = 5;

OpDurations = [
[80, 3, 65, 98, 9]
[79, 69, 51, 51, 45]
[65, 37, 75, 53, 91]
[39, 95, 58, 49, 76]
[54, 29, 27, 68, 93]
];

setup = [

// INSTANCIA 05X05-3
//setup on machine: MAQ 1
[   [0, 4, 9, 12, 22],
[4, 0, 6, 10, 19],
[9, 6, 0, 14, 17],
[12, 10, 14, 0, 15],
[22, 19, 17, 15, 0]
   ],
//setup on machine: MAQ 2
[   [0, 15, 25, 27, 24],
[15, 0, 11, 13, 13],
[25, 11, 0, 11, 19],
[27, 13, 11, 0, 11],
[24, 13, 19, 11, 0]
   ],
//setup on machine: MAQ 3
[   [0, 18, 14, 17, 5],
[18, 0, 8, 23, 14],
[14, 8, 0, 25, 13],
[17, 23, 25, 0, 13],
[5, 14, 13, 13, 0]
   ],
//setup on machine: MAQ 4
[   [0, 20, 18, 7, 11],
[20, 0, 16, 14, 24],
[18, 16, 0, 12, 13],
[7, 14, 12, 0, 12],
[11, 24, 13, 12, 0]
   ],
//setup on machine: MAQ 5
[   [0, 19, 29, 9, 17],
[19, 0, 13, 17, 16],
[29, 13, 0, 24, 17],
[9, 17, 24, 0, 9],
[17, 16, 17, 9, 0]
   ]
];