nbJobs = 4;
nbMchs = 4;

OpDurations = [
[37, 46, 91, 11]
[91, 1, 10, 76]
[7, 91, 4, 61]
[50, 36, 42, 30]
];

setup = [

// INSTANCIA 04X04-6
//setup on machine: MAQ 1
[   [0, 5, 3, 21],
[5, 0, 5, 26],
[3, 5, 0, 20],
[21, 26, 20, 0]
   ],
//setup on machine: MAQ 2
[   [0, 25, 3, 23],
[25, 0, 28, 3],
[3, 28, 0, 26],
[23, 3, 26, 0]
   ],
//setup on machine: MAQ 3
[   [0, 9, 24, 17],
[9, 0, 22, 12],
[24, 22, 0, 10],
[17, 12, 10, 0]
   ],
//setup on machine: MAQ 4
[   [0, 17, 14, 19],
[17, 0, 15, 15],
[14, 15, 0, 5],
[19, 15, 5, 0]
   ]
];