// INSTANCIA FGSSP 15x15-09
nbJobs = 15;
nbMchs = 15;

OpDurations = [
[8,  6, 61, 32, 45, 83,  9, 24, 26,  43,  99,   4,  11,  97,  33]
[42, 57, 74, 53, 22, 55,  1, 38, 92,  54,  61,  25,  14,  70,  62]
[29, 11,  5, 85, 79, 17, 84, 74, 30,  95,  45,  30,   9,  65,  38]
[52, 16, 37, 95, 79, 11, 61, 89, 95,  78,  55,  56,  12,  95,  12]
[42,  2, 28, 14, 84, 21, 13, 10, 74,  76,   8,  82,  35,   7,   1]
[63,  4, 93, 93, 46, 82, 52, 22, 46,   6,  22,  30,  43,   9,  72]
[13, 16, 84, 37, 39, 85, 99, 94, 66,  61,  94,   2,  18,  69,  62]
[57,  1, 78, 51, 55, 85, 81, 90, 32,  64,  56,  39,  59,  72,  64]
[81, 86, 59, 11, 83, 23, 73, 99, 39,  22,  43,  18,  94,  40,  33]
[85, 75, 10, 70, 92, 25, 72, 75, 66,   2,  43,   4,  97,  63,  72] 
[46, 51, 50,  5, 97, 78, 60, 74, 89,  12,  62,  12,  59,  33,  79]
[60, 75, 31, 57, 20,  5, 22,  7, 61,  20,  20,  24,  60,  44,  34]
[11,  3, 62, 50, 38, 47, 35, 96, 34,  39,  90,  80,  91,  95,  38]
[14, 90, 27, 84, 35, 75, 99, 93, 98,  21,  58,  53,  83,  37,  29]
[88, 13, 77, 41, 51, 36, 88, 14, 10,  96,  67,  33,  52,  30,  46]
];

setup = [
//setup on machine: MAQ 1
[   [0, 13, 6, 7, 16, 12, 6, 14, 16, 21, 8, 15, 5, 16, 8],
[13, 0, 11, 20, 25, 14, 7, 23, 10, 15, 19, 18, 18, 23, 14],
[6, 11, 0, 11, 14, 6, 4, 12, 10, 16, 14, 10, 9, 13, 3],
[7, 20, 11, 0, 14, 16, 13, 12, 21, 27, 6, 18, 3, 15, 12],
[16, 25, 14, 14, 0, 13, 18, 2, 20, 23, 20, 11, 12, 3, 12],
[12, 14, 6, 16, 13, 0, 9, 12, 7, 11, 20, 4, 13, 11, 4],
[6, 7, 4, 13, 18, 9, 0, 16, 10, 16, 14, 13, 11, 17, 7],
[14, 23, 12, 12, 2, 12, 16, 0, 19, 22, 18, 10, 10, 4, 10],
[16, 10, 10, 21, 20, 7, 10, 19, 0, 6, 23, 10, 19, 18, 10],
[21, 15, 16, 27, 23, 11, 16, 22, 6, 0, 29, 12, 24, 20, 15],
[8, 19, 14, 6, 20, 20, 14, 18, 23, 29, 0, 22, 8, 21, 16],
[15, 18, 10, 18, 11, 4, 13, 10, 10, 12, 22, 0, 15, 8, 7],
[5, 18, 9, 3, 12, 13, 11, 10, 19, 24, 8, 15, 0, 13, 9],
[16, 23, 13, 15, 3, 11, 17, 4, 18, 20, 21, 8, 13, 0, 10],
[8, 14, 3, 12, 12, 4, 7, 10, 10, 15, 16, 7, 9, 10, 0]
   ],
   
//setup on machine: MAQ 2
[   [0, 14, 11, 9, 8, 12, 15, 16, 20, 11, 8, 13, 6, 13, 23],
[14, 0, 3, 13, 11, 14, 21, 7, 18, 13, 12, 6, 12, 9, 10],
[11, 3, 0, 10, 8, 11, 18, 6, 16, 10, 11, 4, 9, 10, 12],
[9, 13, 10, 0, 2, 3, 8, 11, 11, 2, 15, 8, 3, 18, 18],
[8, 11, 8, 2, 0, 4, 10, 10, 12, 4, 13, 7, 2, 16, 17],
[12, 14, 11, 3, 4, 0, 8, 10, 8, 1, 17, 8, 6, 20, 17],
[15, 21, 18, 8, 10, 8, 0, 18, 11, 8, 22, 16, 10, 26, 25],
[16, 7, 6, 11, 10, 10, 18, 0, 13, 10, 17, 4, 12, 16, 7],
[20, 18, 16, 11, 12, 8, 11, 13, 0, 9, 25, 13, 14, 26, 17],
[11, 13, 10, 2, 4, 1, 8, 10, 9, 0, 17, 8, 5, 19, 17],
[8, 12, 11, 15, 13, 17, 22, 17, 25, 17, 0, 14, 12, 6, 22],
[13, 6, 4, 8, 7, 8, 16, 4, 13, 8, 14, 0, 9, 14, 11],
[6, 12, 9, 3, 2, 6, 10, 12, 14, 5, 12, 9, 0, 16, 19],
[13, 9, 10, 18, 16, 20, 26, 16, 26, 19, 6, 14, 16, 0, 19],
[23, 10, 12, 18, 17, 17, 25, 7, 17, 17, 22, 11, 19, 19, 0]
   ],
   
//setup on machine: MAQ 3
[   [0, 9, 3, 14, 18, 19, 5, 13, 7, 20, 6, 20, 11, 11, 17],
[9, 0, 10, 12, 9, 12, 8, 16, 4, 18, 6, 13, 16, 8, 9],
[3, 10, 0, 11, 19, 18, 8, 10, 9, 17, 5, 19, 8, 10, 18],
[14, 12, 11, 0, 19, 11, 17, 7, 15, 6, 9, 12, 9, 4, 19],
[18, 9, 19, 19, 0, 13, 15, 25, 11, 24, 15, 13, 25, 15, 1],
[19, 12, 18, 11, 13, 0, 20, 18, 16, 13, 14, 1, 19, 9, 13],
[5, 8, 8, 17, 15, 20, 0, 18, 4, 23, 9, 21, 16, 14, 14],
[13, 16, 10, 7, 25, 18, 18, 0, 18, 10, 11, 19, 3, 10, 24],
[7, 4, 9, 15, 11, 16, 4, 18, 0, 21, 7, 17, 17, 11, 10],
[20, 18, 17, 6, 24, 13, 23, 10, 21, 0, 15, 13, 13, 10, 24],
[6, 6, 5, 9, 15, 14, 9, 11, 7, 15, 0, 15, 10, 6, 14],
[20, 13, 19, 12, 13, 1, 21, 19, 17, 13, 15, 0, 20, 10, 13],
[11, 16, 8, 9, 25, 19, 16, 3, 17, 13, 10, 20, 0, 11, 24],
[11, 8, 10, 4, 15, 9, 14, 10, 11, 10, 6, 10, 11, 0, 15],
[17, 9, 18, 19, 1, 13, 14, 24, 10, 24, 14, 13, 24, 15, 0]
   ],
   
//setup on machine: MAQ 4
[   [0, 22, 12, 2, 17, 14, 17, 6, 14, 19, 17, 15, 24, 20, 9],
[22, 0, 11, 22, 16, 12, 10, 27, 17, 8, 6, 16, 3, 21, 15],
[12, 11, 0, 11, 16, 3, 12, 18, 15, 13, 9, 14, 14, 21, 4],
[2, 22, 11, 0, 18, 13, 18, 8, 16, 20, 17, 16, 24, 22, 8],
[17, 16, 16, 18, 0, 19, 6, 18, 3, 9, 11, 2, 16, 5, 18],
[14, 12, 3, 13, 19, 0, 15, 20, 18, 15, 11, 17, 15, 24, 5],
[17, 10, 12, 18, 6, 15, 0, 20, 7, 3, 5, 6, 10, 11, 15],
[6, 27, 18, 8, 18, 20, 20, 0, 15, 23, 22, 16, 29, 19, 15],
[14, 17, 15, 16, 3, 18, 7, 15, 0, 10, 11, 1, 17, 6, 16],
[19, 8, 13, 20, 9, 15, 3, 23, 10, 0, 4, 9, 8, 13, 16],
[17, 6, 9, 17, 11, 11, 5, 22, 11, 4, 0, 10, 7, 16, 12],
[15, 16, 14, 16, 2, 17, 6, 16, 1, 9, 10, 0, 16, 7, 16],
[24, 3, 14, 24, 16, 15, 10, 29, 17, 8, 7, 16, 0, 21, 18],
[20, 21, 21, 22, 5, 24, 11, 19, 6, 13, 16, 7, 21, 0, 22],
[9, 15, 4, 8, 18, 5, 15, 15, 16, 16, 12, 16, 18, 22, 0]
   ],
   
//setup on machine: MAQ 5
[   [0, 18, 10, 8, 7, 15, 7, 6, 6, 10, 11, 15, 12, 11, 13],
[18, 0, 20, 26, 12, 21, 14, 13, 17, 11, 8, 4, 7, 9, 6],
[10, 20, 0, 15, 14, 25, 15, 8, 16, 9, 13, 17, 16, 12, 16],
[8, 26, 15, 0, 14, 16, 13, 14, 10, 18, 19, 23, 19, 19, 21],
[7, 12, 14, 14, 0, 12, 2, 6, 5, 9, 7, 9, 5, 7, 7],
[15, 21, 25, 16, 12, 0, 10, 18, 9, 21, 19, 19, 15, 19, 17],
[7, 14, 15, 13, 2, 10, 0, 8, 4, 11, 9, 11, 7, 9, 9],
[6, 13, 8, 14, 6, 18, 8, 0, 9, 4, 6, 10, 8, 5, 8],
[6, 17, 16, 10, 5, 9, 4, 9, 0, 13, 12, 14, 10, 12, 12],
[10, 11, 9, 18, 9, 21, 11, 4, 13, 0, 4, 8, 8, 3, 7],
[11, 8, 13, 19, 7, 19, 9, 6, 12, 4, 0, 4, 4, 1, 3],
[15, 4, 17, 23, 9, 19, 11, 10, 14, 8, 4, 0, 4, 5, 2],
[12, 7, 16, 19, 5, 15, 7, 8, 10, 8, 4, 4, 0, 5, 2],
[11, 9, 12, 19, 7, 19, 9, 5, 12, 3, 1, 5, 5, 0, 4],
[13, 6, 16, 21, 7, 17, 9, 8, 12, 7, 3, 2, 2, 4, 0]
   ],
   
//setup on machine: MAQ 6
[   [0, 13, 17, 22, 8, 15, 21, 14, 14, 20, 6, 13, 22, 20, 23],
[13, 0, 7, 9, 6, 13, 8, 20, 22, 8, 18, 8, 14, 7, 17],
[17, 7, 0, 8, 13, 20, 11, 26, 28, 3, 23, 5, 19, 11, 24],
[22, 9, 8, 0, 15, 20, 6, 28, 30, 5, 27, 12, 15, 6, 20],
[8, 6, 13, 15, 0, 9, 13, 14, 16, 14, 12, 11, 15, 12, 16],
[15, 13, 20, 20, 9, 0, 15, 9, 13, 21, 15, 20, 10, 14, 9],
[21, 8, 11, 6, 13, 15, 0, 23, 27, 10, 25, 15, 9, 1, 14],
[14, 20, 26, 28, 14, 9, 23, 0, 4, 28, 11, 25, 19, 23, 16],
[14, 22, 28, 30, 16, 13, 27, 4, 0, 30, 9, 26, 23, 26, 20],
[20, 8, 3, 5, 14, 21, 10, 28, 30, 0, 25, 8, 18, 9, 23],
[6, 18, 23, 27, 12, 15, 25, 11, 9, 25, 0, 19, 24, 24, 23],
[13, 8, 5, 12, 11, 20, 15, 25, 26, 8, 19, 0, 22, 14, 25],
[22, 14, 19, 15, 15, 10, 9, 19, 23, 18, 24, 22, 0, 9, 5],
[20, 7, 11, 6, 12, 14, 1, 23, 26, 9, 24, 14, 9, 0, 14],
[23, 17, 24, 20, 16, 9, 14, 16, 20, 23, 23, 25, 5, 14, 0]
   ],
   
//setup on machine: MAQ 7
[   [0, 6, 7, 13, 7, 11, 9, 8, 7, 11, 8, 10, 9, 8, 5],
[6, 0, 4, 13, 8, 11, 13, 7, 8, 13, 7, 15, 6, 9, 1],
[7, 4, 0, 16, 11, 7, 16, 3, 4, 17, 10, 17, 10, 12, 4],
[13, 13, 16, 0, 6, 23, 9, 19, 19, 5, 6, 14, 7, 5, 12],
[7, 8, 11, 6, 0, 17, 6, 14, 13, 6, 2, 10, 5, 1, 7],
[11, 11, 7, 23, 17, 0, 20, 4, 4, 22, 17, 19, 17, 18, 11],
[9, 13, 16, 9, 6, 20, 0, 17, 16, 4, 8, 6, 11, 6, 12],
[8, 7, 3, 19, 14, 4, 17, 0, 2, 19, 13, 17, 13, 15, 7],
[7, 8, 4, 19, 13, 4, 16, 2, 0, 18, 13, 16, 13, 14, 7],
[11, 13, 17, 5, 6, 22, 4, 19, 18, 0, 7, 9, 10, 5, 13],
[8, 7, 10, 6, 2, 17, 8, 13, 13, 7, 0, 12, 3, 2, 6],
[10, 15, 17, 14, 10, 19, 6, 17, 16, 9, 12, 0, 15, 11, 14],
[9, 6, 10, 7, 5, 17, 11, 13, 13, 10, 3, 15, 0, 5, 6],
[8, 9, 12, 5, 1, 18, 6, 15, 14, 5, 2, 11, 5, 0, 8],
[5, 1, 4, 12, 7, 11, 12, 7, 7, 13, 6, 14, 6, 8, 0]
   ],
   
//setup on machine: MAQ 8
[   [0, 22, 14, 7, 26, 28, 12, 20, 27, 16, 20, 25, 24, 21, 23],
[22, 0, 9, 16, 8, 12, 19, 7, 5, 11, 10, 7, 14, 21, 3],
[14, 9, 0, 7, 16, 20, 17, 12, 14, 13, 14, 16, 19, 23, 12],
[7, 16, 7, 0, 21, 24, 13, 15, 21, 13, 16, 20, 21, 21, 17],
[26, 8, 16, 21, 0, 4, 19, 6, 6, 11, 7, 1, 9, 18, 5],
[28, 12, 20, 24, 4, 0, 19, 9, 10, 12, 8, 5, 6, 16, 9],
[12, 19, 17, 13, 19, 19, 0, 13, 22, 8, 12, 19, 14, 9, 18],
[20, 7, 12, 15, 6, 9, 13, 0, 9, 5, 3, 6, 8, 14, 5],
[27, 5, 14, 21, 6, 10, 22, 9, 0, 14, 11, 5, 14, 23, 4],
[16, 11, 13, 13, 11, 12, 8, 5, 14, 0, 4, 11, 8, 11, 10],
[20, 10, 14, 16, 7, 8, 12, 3, 11, 4, 0, 7, 5, 12, 8],
[25, 7, 16, 20, 1, 5, 19, 6, 5, 11, 7, 0, 9, 18, 4],
[24, 14, 19, 21, 9, 6, 14, 8, 14, 8, 5, 9, 0, 10, 11],
[21, 21, 23, 21, 18, 16, 9, 14, 23, 11, 12, 18, 10, 0, 19],
[23, 3, 12, 17, 5, 9, 18, 5, 4, 10, 8, 4, 11, 19, 0]
   ],
   
//setup on machine: MAQ 9
[   [0, 20, 8, 1, 8, 6, 13, 21, 5, 2, 14, 18, 17, 8, 20],
[20, 0, 22, 21, 15, 19, 21, 4, 21, 18, 12, 16, 3, 15, 22],
[8, 22, 0, 8, 7, 14, 5, 21, 4, 10, 21, 13, 19, 15, 13],
[1, 21, 8, 0, 8, 7, 12, 21, 4, 3, 15, 18, 18, 9, 20],
[8, 15, 7, 8, 0, 12, 8, 14, 7, 8, 15, 10, 12, 11, 13],
[6, 19, 14, 7, 12, 0, 18, 21, 11, 4, 10, 22, 17, 4, 25],
[13, 21, 5, 12, 8, 18, 0, 20, 8, 14, 22, 9, 18, 18, 8],
[21, 4, 21, 21, 14, 21, 20, 0, 21, 19, 15, 13, 4, 17, 19],
[5, 21, 4, 4, 7, 11, 8, 21, 0, 7, 18, 16, 18, 12, 16],
[2, 18, 10, 3, 8, 4, 14, 19, 7, 0, 12, 18, 16, 6, 21],
[14, 12, 21, 15, 15, 10, 22, 15, 18, 12, 0, 22, 11, 6, 27],
[18, 16, 13, 18, 10, 22, 9, 13, 16, 18, 22, 0, 13, 20, 6],
[17, 3, 19, 18, 12, 17, 18, 4, 18, 16, 11, 13, 0, 13, 19],
[8, 15, 15, 9, 11, 4, 18, 17, 12, 6, 6, 20, 13, 0, 24],
[20, 22, 13, 20, 13, 25, 8, 19, 16, 21, 27, 6, 19, 24, 0]
   ],
   
//setup on machine: MAQ 10
[   [0, 21, 30, 29, 4, 3, 10, 6, 18, 11, 9, 24, 22, 6, 21],
[21, 0, 9, 8, 18, 19, 13, 19, 16, 10, 12, 16, 13, 17, 15],
[30, 9, 0, 4, 26, 28, 21, 26, 20, 19, 21, 16, 14, 25, 16],
[29, 8, 4, 0, 25, 27, 20, 26, 21, 18, 20, 18, 16, 24, 18],
[4, 18, 26, 25, 0, 2, 6, 4, 15, 8, 6, 21, 18, 3, 18],
[3, 19, 28, 27, 2, 0, 7, 3, 15, 10, 7, 21, 19, 3, 18],
[10, 13, 21, 20, 6, 7, 0, 6, 10, 5, 3, 15, 12, 4, 12],
[6, 19, 26, 26, 4, 3, 6, 0, 12, 10, 7, 18, 16, 2, 16],
[18, 16, 20, 21, 15, 15, 10, 12, 0, 14, 13, 7, 6, 12, 4],
[11, 10, 19, 18, 8, 10, 5, 10, 14, 0, 3, 18, 15, 8, 15],
[9, 12, 21, 20, 6, 7, 3, 7, 13, 3, 0, 17, 14, 5, 14],
[24, 16, 16, 18, 21, 21, 15, 18, 7, 18, 17, 0, 4, 18, 3],
[22, 13, 14, 16, 18, 19, 12, 16, 6, 15, 14, 4, 0, 16, 2],
[6, 17, 25, 24, 3, 3, 4, 2, 12, 8, 5, 18, 16, 0, 15],
[21, 15, 16, 18, 18, 18, 12, 16, 4, 15, 14, 3, 2, 15, 0]
   ],
   
//setup on machine: MAQ 11
[   [0, 9, 20, 20, 22, 11, 9, 5, 17, 15, 16, 19, 2, 11, 21],
[9, 0, 20, 15, 13, 4, 6, 11, 15, 18, 7, 18, 10, 15, 15],
[20, 20, 0, 9, 22, 16, 14, 15, 6, 6, 24, 3, 18, 10, 11],
[20, 15, 9, 0, 13, 11, 11, 17, 5, 13, 17, 6, 19, 14, 2],
[22, 13, 22, 13, 0, 11, 14, 22, 17, 24, 9, 19, 22, 23, 11],
[11, 4, 16, 11, 11, 0, 3, 11, 11, 15, 9, 14, 11, 13, 11],
[9, 6, 14, 11, 14, 3, 0, 8, 9, 12, 12, 12, 9, 10, 12],
[5, 11, 15, 17, 22, 11, 8, 0, 13, 10, 18, 15, 3, 6, 18],
[17, 15, 6, 5, 17, 11, 9, 13, 0, 8, 19, 3, 15, 9, 7],
[15, 18, 6, 13, 24, 15, 12, 10, 8, 0, 24, 8, 13, 4, 15],
[16, 7, 24, 17, 9, 9, 12, 18, 19, 24, 0, 22, 17, 21, 16],
[19, 18, 3, 6, 19, 14, 12, 15, 3, 8, 22, 0, 18, 11, 8],
[2, 10, 18, 19, 22, 11, 9, 3, 15, 13, 17, 18, 0, 9, 20],
[11, 15, 10, 14, 23, 13, 10, 6, 9, 4, 21, 11, 9, 0, 16],
[21, 15, 11, 2, 11, 11, 12, 18, 7, 15, 16, 8, 20, 16, 0]
   ],
   
//setup on machine: MAQ 12
[   [0, 17, 11, 15, 10, 23, 10, 15, 18, 6, 21, 12, 15, 6, 18],
[17, 0, 7, 15, 19, 6, 17, 13, 14, 16, 6, 6, 11, 14, 17],
[11, 7, 0, 12, 14, 12, 12, 11, 14, 10, 11, 2, 9, 8, 16],
[15, 15, 12, 0, 24, 21, 6, 2, 26, 9, 14, 14, 4, 9, 27],
[10, 19, 14, 24, 0, 23, 20, 23, 11, 16, 25, 14, 22, 15, 10],
[23, 6, 12, 21, 23, 0, 23, 19, 15, 22, 8, 11, 17, 20, 18],
[10, 17, 12, 6, 20, 23, 0, 7, 24, 4, 18, 14, 8, 5, 25],
[15, 13, 11, 2, 23, 19, 7, 0, 24, 10, 12, 13, 2, 9, 26],
[18, 14, 14, 26, 11, 15, 24, 24, 0, 21, 20, 12, 22, 19, 3],
[6, 16, 10, 9, 16, 22, 4, 10, 21, 0, 18, 12, 10, 2, 22],
[21, 6, 11, 14, 25, 8, 18, 12, 20, 18, 0, 11, 10, 17, 23],
[12, 6, 2, 14, 14, 11, 14, 13, 12, 12, 11, 0, 11, 10, 14],
[15, 11, 9, 4, 22, 17, 8, 2, 22, 10, 10, 11, 0, 9, 25],
[6, 14, 8, 9, 15, 20, 5, 9, 19, 2, 17, 10, 9, 0, 21],
[18, 17, 16, 27, 10, 18, 25, 26, 3, 22, 23, 14, 25, 21, 0]
   ],
   
//setup on machine: MAQ 13
[   [0, 14, 14, 19, 6, 12, 20, 5, 6, 23, 12, 13, 19, 12, 15],
[14, 0, 18, 9, 14, 2, 11, 16, 10, 16, 17, 8, 11, 16, 7],
[14, 18, 0, 15, 8, 17, 14, 19, 18, 14, 2, 11, 13, 2, 12],
[19, 9, 15, 0, 16, 10, 3, 22, 17, 8, 16, 6, 3, 15, 4],
[6, 14, 8, 16, 0, 13, 17, 11, 11, 19, 6, 10, 16, 6, 12],
[12, 2, 17, 10, 13, 0, 13, 14, 8, 18, 16, 8, 13, 16, 8],
[20, 11, 14, 3, 17, 13, 0, 24, 19, 5, 15, 7, 1, 14, 6],
[5, 16, 19, 22, 11, 14, 24, 0, 6, 28, 17, 17, 23, 17, 18],
[6, 10, 18, 17, 11, 8, 19, 6, 0, 23, 16, 13, 19, 16, 14],
[23, 16, 14, 8, 19, 18, 5, 28, 23, 0, 16, 11, 5, 15, 10],
[12, 17, 2, 16, 6, 16, 15, 17, 16, 16, 0, 10, 14, 1, 12],
[13, 8, 11, 6, 10, 8, 7, 17, 13, 11, 10, 0, 6, 9, 2],
[19, 11, 13, 3, 16, 13, 1, 23, 19, 5, 14, 6, 0, 13, 5],
[12, 16, 2, 15, 6, 16, 14, 17, 16, 15, 1, 9, 13, 0, 11],
[15, 7, 12, 4, 12, 8, 6, 18, 14, 10, 12, 2, 5, 11, 0]
   ],
   
//setup on machine: MAQ 14
[   [0, 24, 23, 5, 15, 8, 19, 14, 13, 20, 17, 11, 16, 3, 18],
[24, 0, 1, 19, 12, 27, 10, 24, 21, 11, 20, 19, 15, 23, 6],
[23, 1, 0, 18, 11, 26, 9, 23, 20, 10, 19, 18, 14, 23, 5],
[5, 19, 18, 0, 10, 9, 14, 12, 10, 15, 13, 7, 12, 6, 13],
[15, 12, 11, 10, 0, 16, 4, 12, 9, 5, 9, 7, 4, 16, 7],
[8, 27, 26, 9, 16, 0, 19, 8, 9, 20, 13, 9, 15, 11, 21],
[19, 10, 9, 14, 4, 19, 0, 14, 11, 1, 10, 10, 5, 20, 8],
[14, 24, 23, 12, 12, 8, 14, 0, 3, 14, 5, 6, 9, 17, 19],
[13, 21, 20, 10, 9, 9, 11, 3, 0, 11, 4, 3, 6, 16, 16],
[20, 11, 10, 15, 5, 20, 1, 14, 11, 0, 9, 11, 5, 21, 9],
[17, 20, 19, 13, 9, 13, 10, 5, 4, 9, 0, 6, 5, 19, 16],
[11, 19, 18, 7, 7, 9, 10, 6, 3, 11, 6, 0, 6, 13, 13],
[16, 15, 14, 12, 4, 15, 5, 9, 6, 5, 5, 6, 0, 18, 11],
[3, 23, 23, 6, 16, 11, 20, 17, 16, 21, 19, 13, 18, 0, 18],
[18, 6, 5, 13, 7, 21, 8, 19, 16, 9, 16, 13, 11, 18, 0]
   ],
   
//setup on machine: MAQ 15
[   [0, 17, 10, 7, 15, 9, 16, 18, 8, 14, 16, 9, 17, 14, 3],
[17, 0, 14, 24, 9, 9, 16, 3, 24, 24, 12, 9, 11, 11, 16],
[10, 14, 0, 16, 6, 6, 22, 16, 15, 23, 6, 5, 8, 18, 7],
[7, 24, 16, 0, 21, 16, 19, 24, 3, 12, 22, 16, 24, 19, 9],
[15, 9, 6, 21, 0, 6, 22, 12, 21, 26, 3, 6, 3, 17, 12],
[9, 9, 6, 16, 6, 0, 17, 11, 16, 20, 9, 1, 9, 12, 7],
[16, 16, 22, 19, 22, 17, 0, 14, 22, 12, 25, 18, 25, 6, 18],
[18, 3, 16, 24, 12, 11, 14, 0, 25, 23, 15, 11, 14, 9, 17],
[8, 24, 15, 3, 21, 16, 22, 25, 0, 15, 21, 16, 23, 21, 9],
[14, 24, 23, 12, 26, 20, 12, 23, 15, 0, 28, 21, 29, 15, 17],
[16, 12, 6, 22, 3, 9, 25, 15, 21, 28, 0, 8, 2, 20, 13],
[9, 9, 5, 16, 6, 1, 18, 11, 16, 21, 8, 0, 9, 13, 7],
[17, 11, 8, 24, 3, 9, 25, 14, 23, 29, 2, 9, 0, 20, 15],
[14, 11, 18, 19, 17, 12, 6, 9, 21, 15, 20, 13, 20, 0, 15],
[3, 16, 7, 9, 12, 7, 18, 17, 9, 17, 13, 7, 15, 15, 0]
   ]
];