nbJobs = 4;
nbMchs = 4;

OpDurations = [
[16, 83, 14, 95]
[81, 90, 19, 21]
[61, 25, 96, 4]
[51, 9, 47, 92]
];

setup = [

// INSTANCIA 04X04-8
//setup on machine: MAQ 1
[   [0, 12, 18, 21],
[12, 0, 23, 13],
[18, 23, 0, 20],
[21, 13, 20, 0]
   ],
//setup on machine: MAQ 2
[   [0, 25, 13, 14],
[25, 0, 21, 19],
[13, 21, 0, 22],
[14, 19, 22, 0]
   ],
//setup on machine: MAQ 3
[   [0, 2, 11, 21],
[2, 0, 10, 23],
[11, 10, 0, 26],
[21, 23, 26, 0]
   ],
//setup on machine: MAQ 4
[   [0, 22, 13, 21],
[22, 0, 21, 4],
[13, 21, 0, 17],
[21, 4, 17, 0]
   ]
];