nbJobs = 4;
nbMchs = 4;

OpDurations = [
[2, 5, 38, 66]
[85, 68, 14, 95]
[54, 77, 89, 38]
[59, 63, 72, 51]
];

setup = [

// INSTANCIA 04X04-3
//setup on machine: MAQ 1
[   [0, 13, 12, 20],
[13, 0, 15, 17],
[12, 15, 0, 9],
[20, 17, 9, 0]
   ],
//setup on machine: MAQ 2
[   [0, 8, 4, 15],
[8, 0, 12, 23],
[4, 12, 0, 13],
[15, 23, 13, 0]
   ],
//setup on machine: MAQ 3
[   [0, 16, 15, 6],
[16, 0, 25, 19],
[15, 25, 0, 21],
[6, 19, 21, 0]
   ],
//setup on machine: MAQ 4
[   [0, 11, 19, 24],
[11, 0, 9, 26],
[19, 9, 0, 28],
[24, 26, 28, 0]
   ]
];
