// INSTANCIA FGSSP 15x15-03
nbJobs = 15;
nbMchs = 15;

OpDurations = [
[73, 92, 60, 16, 47,  8, 82, 64, 96,  32,  85,  70,  54,  23,  69]
[23, 33, 52, 51, 46, 56, 66, 54, 35,  35,  60,  14,  32,  33,  26]
[64, 89, 90,  1, 37, 80, 40, 38, 62,  67,  78,  14,  98,  37,  65]
[59, 65, 94, 66, 18, 50, 15, 34, 71,  94,   6,  18,  79,  92,  55]
[19, 39, 18, 95, 99, 53, 69, 43, 65,  58,  73,  91,  11,  49,  56]
[67, 24,  7, 75, 87, 22, 47, 95, 31,  77,  78,  33,   5,  16,  92]
[63, 63, 32, 37, 41, 78, 54, 14, 61,  89,   9,  12,  70,  92,  13]
[48,  5, 70, 71, 12, 80, 53, 64, 23,   4,  11,  74,  58,  61,  25]
[98, 18, 64, 88, 43, 17, 69, 77, 36,  26,  60,  19,  85,  75,  44]
[5, 64, 43, 50, 89,  2, 12, 90, 65,  61,  72,  1,  49,  50,  26]
[4, 18, 18, 82, 66, 58, 15, 18, 64,  67,  24,  63,  64,  40,  10]
[56, 28, 17, 19, 29, 50, 91, 13, 95,  40,  33,  41,  95,  29,  82]
[31, 23, 22, 45, 86, 94, 26, 69, 16,  39,  19,  45,  26,   1,  65]
[4, 26, 37, 51,  7, 57, 60, 63, 92,   3,  86,  34,  50,  66,   8]
[9, 82, 80,  3, 73, 21, 28, 38, 11,  19,  23,  56,  20,  43,  39]
];

setup = [
//setup on machine: MAQ 1
[   [0, 24, 4, 15, 22, 7, 8, 22, 11, 4, 25, 12, 3, 20, 19],
[24, 0, 21, 9, 7, 21, 19, 4, 16, 22, 3, 16, 21, 14, 8],
[4, 21, 0, 13, 21, 3, 10, 19, 8, 7, 23, 9, 1, 20, 16],
[15, 9, 13, 0, 8, 14, 10, 9, 11, 13, 12, 11, 13, 10, 9],
[22, 7, 21, 8, 0, 22, 16, 11, 18, 19, 10, 19, 20, 7, 13],
[7, 21, 3, 14, 22, 0, 13, 18, 6, 10, 22, 6, 4, 22, 15],
[8, 19, 10, 10, 16, 13, 0, 19, 14, 4, 22, 15, 9, 12, 18],
[22, 4, 19, 9, 11, 18, 19, 0, 13, 21, 4, 13, 19, 17, 4],
[11, 16, 8, 11, 18, 6, 14, 13, 0, 13, 17, 1, 8, 20, 9],
[4, 22, 7, 13, 19, 10, 4, 21, 13, 0, 24, 14, 6, 16, 19],
[25, 3, 23, 12, 10, 22, 22, 4, 17, 24, 0, 17, 23, 17, 8],
[12, 16, 9, 11, 19, 6, 15, 13, 1, 14, 17, 0, 9, 21, 9],
[3, 21, 1, 13, 20, 4, 9, 19, 8, 6, 23, 9, 0, 19, 16],
[20, 14, 20, 10, 7, 22, 12, 17, 20, 16, 17, 21, 19, 0, 18],
[19, 8, 16, 9, 13, 15, 18, 4, 9, 19, 8, 9, 16, 18, 0]
   ],
   
//setup on machine: MAQ 2
[   [0, 8, 9, 7, 7, 10, 9, 11, 9, 2, 10, 14, 6, 7, 7],
[8, 0, 2, 15, 1, 5, 15, 14, 12, 6, 13, 12, 13, 6, 13],
[9, 2, 0, 16, 3, 3, 17, 14, 14, 8, 13, 10, 14, 5, 15],
[7, 15, 16, 0, 14, 16, 9, 10, 13, 9, 10, 18, 2, 12, 8],
[7, 1, 3, 14, 0, 5, 14, 13, 11, 5, 12, 11, 12, 5, 12],
[10, 5, 3, 16, 5, 0, 18, 12, 16, 9, 11, 7, 14, 4, 16],
[9, 15, 17, 9, 14, 18, 0, 18, 6, 9, 18, 23, 10, 16, 2],
[11, 14, 14, 10, 13, 12, 18, 0, 20, 12, 1, 10, 9, 9, 16],
[9, 12, 14, 13, 11, 16, 6, 20, 0, 8, 19, 22, 13, 15, 5],
[2, 6, 8, 9, 5, 9, 9, 12, 8, 0, 11, 14, 8, 7, 7],
[10, 13, 13, 10, 12, 11, 18, 1, 19, 11, 0, 9, 8, 8, 16],
[14, 12, 10, 18, 11, 7, 23, 10, 22, 14, 9, 0, 16, 7, 21],
[6, 13, 14, 2, 12, 14, 10, 9, 13, 8, 8, 16, 0, 10, 9],
[7, 6, 5, 12, 5, 4, 16, 9, 15, 7, 8, 7, 10, 0, 14],
[7, 13, 15, 8, 12, 16, 2, 16, 5, 7, 16, 21, 9, 14, 0]
   ],
   
//setup on machine: MAQ 3
[   [0, 16, 16, 7, 9, 9, 15, 7, 15, 3, 16, 12, 2, 8, 17],
[16, 0, 13, 23, 16, 24, 4, 16, 28, 18, 10, 8, 17, 13, 18],
[16, 13, 0, 22, 9, 21, 16, 21, 22, 16, 3, 18, 18, 9, 6],
[7, 23, 22, 0, 13, 3, 22, 11, 11, 6, 22, 19, 6, 13, 21],
[9, 16, 9, 13, 0, 12, 18, 16, 13, 8, 10, 17, 11, 3, 8],
[9, 24, 21, 3, 12, 0, 24, 13, 8, 6, 22, 21, 8, 13, 20],
[15, 4, 16, 22, 18, 24, 0, 14, 29, 18, 13, 5, 17, 15, 21],
[7, 16, 21, 11, 16, 13, 14, 0, 21, 10, 20, 9, 6, 14, 23],
[15, 28, 22, 11, 13, 8, 29, 21, 0, 12, 23, 27, 15, 15, 18],
[3, 18, 16, 6, 8, 6, 18, 10, 12, 0, 16, 15, 4, 7, 16],
[16, 10, 3, 22, 10, 22, 13, 20, 23, 16, 0, 16, 18, 9, 9],
[12, 8, 18, 19, 17, 21, 5, 9, 27, 15, 16, 0, 13, 14, 22],
[2, 17, 18, 6, 11, 8, 17, 6, 15, 4, 18, 13, 0, 10, 19],
[8, 13, 9, 13, 3, 13, 15, 14, 15, 7, 9, 14, 10, 0, 9],
[17, 18, 6, 21, 8, 20, 21, 23, 18, 16, 9, 22, 19, 9, 0]
   ],
   
//setup on machine: MAQ 4
[   [0, 6, 6, 18, 8, 8, 4, 15, 4, 17, 11, 8, 9, 7, 13],
[6, 0, 2, 24, 13, 11, 9, 18, 3, 23, 14, 13, 6, 10, 16],
[6, 2, 0, 23, 11, 9, 10, 16, 3, 23, 12, 14, 4, 8, 14],
[18, 24, 23, 0, 12, 15, 17, 14, 21, 9, 14, 17, 23, 16, 13],
[8, 13, 11, 12, 0, 3, 10, 8, 10, 15, 4, 13, 11, 4, 5],
[8, 11, 9, 15, 3, 0, 11, 7, 9, 18, 3, 14, 8, 1, 5],
[4, 9, 10, 17, 10, 11, 0, 18, 7, 14, 14, 4, 13, 11, 15],
[15, 18, 16, 14, 8, 7, 18, 0, 16, 21, 4, 21, 13, 8, 3],
[4, 3, 3, 21, 10, 9, 7, 16, 0, 20, 12, 11, 7, 8, 14],
[17, 23, 23, 9, 15, 18, 14, 21, 20, 0, 19, 12, 24, 18, 18],
[11, 14, 12, 14, 4, 3, 14, 4, 12, 19, 0, 17, 10, 4, 2],
[8, 13, 14, 17, 13, 14, 4, 21, 11, 12, 17, 0, 17, 14, 18],
[9, 6, 4, 23, 11, 8, 13, 13, 7, 24, 10, 17, 0, 7, 12],
[7, 10, 8, 16, 4, 1, 11, 8, 8, 18, 4, 14, 7, 0, 6],
[13, 16, 14, 13, 5, 5, 15, 3, 14, 18, 2, 18, 12, 6, 0]
   ],
   
//setup on machine: MAQ 5
[   [0, 4, 14, 8, 13, 6, 4, 7, 10, 18, 5, 5, 4, 9, 4],
[4, 0, 14, 11, 14, 8, 8, 7, 14, 14, 9, 8, 7, 13, 6],
[14, 14, 0, 20, 3, 8, 17, 21, 19, 18, 11, 9, 10, 17, 18],
[8, 11, 20, 0, 18, 12, 4, 8, 4, 25, 9, 11, 10, 5, 6],
[13, 14, 3, 18, 0, 7, 16, 20, 17, 20, 9, 8, 9, 15, 17],
[6, 8, 8, 12, 7, 0, 9, 13, 12, 18, 4, 1, 2, 10, 10],
[4, 8, 17, 4, 16, 9, 0, 6, 6, 22, 7, 8, 7, 6, 3],
[7, 7, 21, 8, 20, 13, 6, 0, 12, 20, 12, 12, 11, 12, 4],
[10, 14, 19, 4, 17, 12, 6, 12, 0, 28, 9, 11, 10, 2, 9],
[18, 14, 18, 25, 20, 18, 22, 20, 28, 0, 21, 18, 19, 27, 20],
[5, 9, 11, 9, 9, 4, 7, 12, 9, 21, 0, 3, 2, 7, 8],
[5, 8, 9, 11, 8, 1, 8, 12, 11, 18, 3, 0, 1, 9, 9],
[4, 7, 10, 10, 9, 2, 7, 11, 10, 19, 2, 1, 0, 9, 8],
[9, 13, 17, 5, 15, 10, 6, 12, 2, 27, 7, 9, 9, 0, 9],
[4, 6, 18, 6, 17, 10, 3, 4, 9, 20, 8, 9, 8, 9, 0]
   ],
   
//setup on machine: MAQ 6
[   [0, 19, 3, 4, 1, 3, 14, 21, 17, 15, 12, 13, 18, 19, 2],
[19, 0, 17, 15, 18, 17, 20, 12, 20, 11, 7, 20, 9, 12, 17],
[3, 17, 0, 3, 4, 5, 16, 21, 19, 12, 10, 15, 18, 19, 2],
[4, 15, 3, 0, 4, 4, 15, 18, 17, 11, 8, 14, 15, 17, 2],
[1, 18, 4, 4, 0, 2, 13, 20, 16, 15, 12, 12, 17, 18, 2],
[3, 17, 5, 4, 2, 0, 11, 18, 14, 15, 11, 10, 15, 16, 3],
[14, 20, 16, 15, 13, 11, 0, 13, 4, 24, 18, 1, 13, 11, 14],
[21, 12, 21, 18, 20, 18, 13, 0, 11, 21, 15, 13, 4, 2, 19],
[17, 20, 19, 17, 16, 14, 4, 11, 0, 25, 19, 4, 12, 9, 17],
[15, 11, 12, 11, 15, 15, 24, 21, 25, 0, 6, 23, 17, 20, 13],
[12, 7, 10, 8, 12, 11, 18, 15, 19, 6, 0, 17, 11, 14, 10],
[13, 20, 15, 14, 12, 10, 1, 13, 4, 23, 17, 0, 13, 11, 13],
[18, 9, 18, 15, 17, 15, 13, 4, 12, 17, 11, 13, 0, 4, 16],
[19, 12, 19, 17, 18, 16, 11, 2, 9, 20, 14, 11, 4, 0, 17],
[2, 17, 2, 2, 2, 3, 14, 19, 17, 13, 10, 13, 16, 17, 0]
   ],
   
//setup on machine: MAQ 7
[   [0, 9, 8, 15, 17, 14, 6, 7, 14, 14, 10, 25, 17, 9, 20],
[9, 0, 14, 14, 16, 8, 4, 6, 7, 12, 12, 16, 8, 14, 11],
[8, 14, 0, 11, 13, 15, 11, 14, 16, 21, 6, 29, 22, 3, 24],
[15, 14, 11, 0, 2, 9, 13, 18, 11, 25, 5, 23, 20, 8, 20],
[17, 16, 13, 2, 0, 9, 15, 20, 11, 27, 7, 22, 20, 10, 20],
[14, 8, 15, 9, 9, 0, 9, 13, 2, 19, 10, 14, 11, 13, 11],
[6, 4, 11, 13, 15, 9, 0, 5, 9, 12, 10, 20, 11, 11, 14],
[7, 6, 14, 18, 20, 13, 5, 0, 13, 7, 15, 21, 11, 15, 15],
[14, 7, 16, 11, 11, 2, 9, 13, 0, 18, 12, 13, 9, 15, 9],
[14, 12, 21, 25, 27, 19, 12, 7, 18, 0, 22, 23, 13, 22, 17],
[10, 12, 6, 5, 7, 10, 10, 15, 12, 22, 0, 24, 19, 4, 20],
[25, 16, 29, 23, 22, 14, 20, 21, 13, 23, 24, 0, 10, 27, 6],
[17, 8, 22, 20, 20, 11, 11, 11, 9, 13, 19, 10, 0, 21, 4],
[9, 14, 3, 8, 10, 13, 11, 15, 15, 22, 4, 27, 21, 0, 23],
[20, 11, 24, 20, 20, 11, 14, 15, 9, 17, 20, 6, 4, 23, 0]
   ],
   
//setup on machine: MAQ 8
[   [0, 21, 5, 23, 23, 12, 22, 25, 18, 26, 19, 4, 2, 6, 9],
[21, 0, 18, 27, 8, 22, 21, 22, 3, 20, 4, 24, 20, 23, 17],
[5, 18, 0, 19, 19, 8, 17, 20, 15, 21, 15, 6, 3, 5, 4],
[23, 27, 19, 0, 21, 11, 7, 8, 24, 12, 23, 22, 21, 18, 15],
[23, 8, 19, 21, 0, 20, 15, 15, 8, 12, 6, 25, 22, 23, 16],
[12, 22, 8, 11, 20, 0, 12, 15, 19, 17, 18, 11, 10, 7, 6],
[22, 21, 17, 7, 15, 12, 0, 3, 19, 6, 17, 22, 20, 18, 13],
[25, 22, 20, 8, 15, 15, 3, 0, 20, 4, 18, 25, 23, 21, 16],
[18, 3, 15, 24, 8, 19, 19, 20, 0, 18, 2, 21, 17, 20, 14],
[26, 20, 21, 12, 12, 17, 6, 4, 18, 0, 16, 27, 24, 23, 17],
[19, 4, 15, 23, 6, 18, 17, 18, 2, 16, 0, 21, 17, 20, 13],
[4, 24, 6, 22, 25, 11, 22, 25, 21, 27, 21, 0, 4, 4, 10],
[2, 20, 3, 21, 22, 10, 20, 23, 17, 24, 17, 4, 0, 5, 7],
[6, 23, 5, 18, 23, 7, 18, 21, 20, 23, 20, 4, 5, 0, 7],
[9, 17, 4, 15, 16, 6, 13, 16, 14, 17, 13, 10, 7, 7, 0]
   ],
   
//setup on machine: MAQ 9
[   [0, 19, 4, 14, 21, 17, 17, 9, 23, 16, 23, 20, 18, 18, 8],
[19, 0, 21, 13, 9, 16, 13, 14, 8, 17, 8, 3, 7, 9, 18],
[4, 21, 0, 13, 21, 21, 21, 13, 24, 20, 26, 22, 21, 18, 12],
[14, 13, 13, 0, 9, 22, 21, 16, 12, 23, 21, 16, 17, 6, 18],
[21, 9, 21, 9, 0, 23, 21, 19, 3, 24, 16, 12, 15, 3, 23],
[17, 16, 21, 22, 23, 0, 3, 8, 23, 1, 13, 13, 9, 22, 9],
[17, 13, 21, 21, 21, 3, 0, 8, 21, 4, 10, 10, 6, 20, 11],
[9, 14, 13, 16, 19, 8, 8, 0, 20, 8, 16, 13, 10, 17, 4],
[23, 8, 24, 12, 3, 23, 21, 20, 0, 24, 15, 11, 15, 6, 24],
[16, 17, 20, 23, 24, 1, 4, 8, 24, 0, 14, 14, 10, 23, 9],
[23, 8, 26, 21, 16, 13, 10, 16, 15, 14, 0, 5, 6, 17, 19],
[20, 3, 22, 16, 12, 13, 10, 13, 11, 14, 5, 0, 4, 12, 17],
[18, 7, 21, 17, 15, 9, 6, 10, 15, 10, 6, 4, 0, 15, 14],
[18, 9, 18, 6, 3, 22, 20, 17, 6, 23, 17, 12, 15, 0, 21],
[8, 18, 12, 18, 23, 9, 11, 4, 24, 9, 19, 17, 14, 21, 0]
   ],
   
//setup on machine: MAQ 10
[   [0, 20, 20, 29, 4, 14, 18, 24, 17, 24, 15, 9, 22, 7, 16],
[20, 0, 5, 12, 17, 15, 4, 6, 6, 7, 15, 13, 2, 14, 15],
[20, 5, 0, 17, 16, 19, 2, 11, 11, 12, 19, 12, 5, 13, 19],
[29, 12, 17, 0, 27, 18, 16, 6, 12, 5, 18, 24, 12, 24, 17],
[4, 17, 16, 27, 0, 14, 15, 22, 15, 22, 15, 5, 18, 3, 16],
[14, 15, 19, 18, 14, 0, 17, 16, 9, 15, 1, 15, 17, 13, 2],
[18, 4, 2, 16, 15, 17, 0, 10, 9, 11, 17, 10, 4, 12, 17],
[24, 6, 11, 6, 22, 16, 10, 0, 8, 1, 16, 19, 6, 19, 15],
[17, 6, 11, 12, 15, 9, 9, 8, 0, 7, 9, 13, 8, 13, 9],
[24, 7, 12, 5, 22, 15, 11, 1, 7, 0, 15, 19, 7, 19, 14],
[15, 15, 19, 18, 15, 1, 17, 16, 9, 15, 0, 16, 17, 14, 1],
[9, 13, 12, 24, 5, 15, 10, 19, 13, 19, 16, 0, 14, 2, 16],
[22, 2, 5, 12, 18, 17, 4, 6, 8, 7, 17, 14, 0, 15, 17],
[7, 14, 13, 24, 3, 13, 12, 19, 13, 19, 14, 2, 15, 0, 15],
[16, 15, 19, 17, 16, 2, 17, 15, 9, 14, 1, 16, 17, 15, 0]
   ],
   
//setup on machine: MAQ 11
[   [0, 21, 14, 14, 6, 18, 15, 22, 20, 14, 3, 15, 17, 19, 8],
[21, 0, 12, 8, 20, 4, 8, 6, 9, 14, 23, 11, 5, 2, 24],
[14, 12, 0, 4, 16, 8, 12, 16, 17, 16, 16, 1, 12, 11, 20],
[14, 8, 4, 0, 15, 4, 8, 12, 13, 13, 17, 4, 8, 7, 19],
[6, 20, 16, 15, 0, 18, 13, 19, 16, 9, 4, 17, 16, 18, 4],
[18, 4, 8, 4, 18, 0, 8, 9, 11, 14, 20, 7, 6, 4, 22],
[15, 8, 12, 8, 13, 8, 0, 7, 5, 6, 16, 12, 3, 6, 16],
[22, 6, 16, 12, 19, 9, 7, 0, 4, 11, 22, 16, 5, 6, 23],
[20, 9, 17, 13, 16, 11, 5, 4, 0, 7, 20, 17, 6, 8, 19],
[14, 14, 16, 13, 9, 14, 6, 11, 7, 0, 13, 17, 9, 12, 12],
[3, 23, 16, 17, 4, 20, 16, 22, 20, 13, 0, 17, 18, 21, 5],
[15, 11, 1, 4, 17, 7, 12, 16, 17, 17, 17, 0, 11, 10, 21],
[17, 5, 12, 8, 16, 6, 3, 5, 6, 9, 18, 11, 0, 3, 19],
[19, 2, 11, 7, 18, 4, 6, 6, 8, 12, 21, 10, 3, 0, 22],
[8, 24, 20, 19, 4, 22, 16, 23, 19, 12, 5, 21, 19, 22, 0]
   ],
   
//setup on machine: MAQ 12
[   [0, 25, 2, 6, 6, 22, 6, 7, 21, 18, 12, 24, 15, 18, 8],
[25, 0, 24, 21, 19, 11, 20, 22, 5, 8, 14, 20, 12, 18, 25],
[2, 24, 0, 4, 6, 22, 5, 5, 20, 17, 11, 25, 15, 19, 10],
[6, 21, 4, 0, 4, 20, 1, 3, 17, 13, 7, 24, 13, 18, 12],
[6, 19, 6, 4, 0, 16, 4, 7, 15, 12, 7, 20, 9, 14, 9],
[22, 11, 22, 20, 16, 0, 19, 22, 7, 13, 16, 9, 7, 8, 19],
[6, 20, 5, 1, 4, 19, 0, 4, 16, 12, 6, 23, 12, 18, 12],
[7, 22, 5, 3, 7, 22, 4, 0, 19, 14, 8, 27, 15, 21, 14],
[21, 5, 20, 17, 15, 7, 16, 19, 0, 6, 11, 16, 7, 13, 21],
[18, 8, 17, 13, 12, 13, 12, 14, 6, 0, 6, 21, 9, 17, 20],
[12, 14, 11, 7, 7, 16, 6, 8, 11, 6, 0, 22, 9, 17, 16],
[24, 20, 25, 24, 20, 9, 23, 27, 16, 21, 22, 0, 13, 6, 18],
[15, 12, 15, 13, 9, 7, 12, 15, 7, 9, 9, 13, 0, 8, 14],
[18, 18, 19, 18, 14, 8, 18, 21, 13, 17, 17, 6, 8, 0, 13],
[8, 25, 10, 12, 9, 19, 12, 14, 21, 20, 16, 18, 14, 13, 0]
   ],
   
//setup on machine: MAQ 13
[   [0, 11, 2, 10, 7, 2, 11, 19, 10, 13, 16, 3, 15, 5, 10],
[11, 0, 11, 20, 16, 13, 20, 12, 6, 20, 21, 14, 14, 7, 10],
[2, 11, 0, 12, 6, 4, 13, 21, 9, 15, 18, 4, 17, 4, 12],
[10, 20, 12, 0, 12, 8, 3, 25, 20, 7, 12, 8, 18, 15, 14],
[7, 16, 6, 12, 0, 7, 14, 26, 13, 17, 22, 6, 22, 9, 17],
[2, 13, 4, 8, 7, 0, 9, 21, 12, 11, 15, 1, 16, 7, 11],
[11, 20, 13, 3, 14, 9, 0, 24, 21, 4, 9, 9, 16, 16, 13],
[19, 12, 21, 25, 26, 21, 24, 0, 18, 21, 19, 22, 9, 18, 11],
[10, 6, 9, 20, 13, 12, 21, 18, 0, 22, 24, 13, 19, 5, 14],
[13, 20, 15, 7, 17, 11, 4, 21, 22, 0, 5, 12, 13, 17, 11],
[16, 21, 18, 12, 22, 15, 9, 19, 24, 5, 0, 16, 10, 20, 11],
[3, 14, 4, 8, 6, 1, 9, 22, 13, 12, 16, 0, 17, 8, 12],
[15, 14, 17, 18, 22, 16, 16, 9, 19, 13, 10, 17, 0, 16, 5],
[5, 7, 4, 15, 9, 7, 16, 18, 5, 17, 20, 8, 16, 0, 11],
[10, 10, 12, 14, 17, 11, 13, 11, 14, 11, 11, 12, 5, 11, 0]
   ],
   
//setup on machine: MAQ 14
[   [0, 8, 23, 7, 16, 2, 3, 1, 16, 19, 8, 16, 21, 21, 16],
[8, 0, 16, 3, 9, 6, 6, 9, 8, 11, 13, 17, 15, 17, 13],
[23, 16, 0, 16, 7, 21, 22, 24, 14, 6, 22, 18, 4, 11, 11],
[7, 3, 16, 0, 9, 5, 6, 8, 11, 12, 10, 14, 14, 15, 10],
[16, 9, 7, 9, 0, 14, 15, 17, 9, 4, 17, 16, 6, 11, 8],
[2, 6, 21, 5, 14, 0, 2, 3, 14, 17, 8, 16, 19, 19, 14],
[3, 6, 22, 6, 15, 2, 0, 3, 14, 17, 10, 17, 20, 21, 16],
[1, 9, 24, 8, 17, 3, 3, 0, 17, 20, 9, 17, 22, 22, 17],
[16, 8, 14, 11, 9, 14, 14, 17, 0, 8, 21, 23, 15, 20, 16],
[19, 11, 6, 12, 4, 17, 17, 20, 8, 0, 20, 19, 7, 14, 11],
[8, 13, 22, 10, 17, 8, 10, 9, 21, 20, 0, 9, 19, 16, 12],
[16, 17, 18, 14, 16, 16, 17, 17, 23, 19, 9, 0, 15, 9, 8],
[21, 15, 4, 14, 6, 19, 20, 22, 15, 7, 19, 15, 0, 7, 7],
[21, 17, 11, 15, 11, 19, 21, 22, 20, 14, 16, 9, 7, 0, 5],
[16, 13, 11, 10, 8, 14, 16, 17, 16, 11, 12, 8, 7, 5, 0]
   ],
   
//setup on machine: MAQ 15
[   [0, 4, 12, 8, 15, 12, 14, 12, 9, 19, 10, 18, 10, 12, 7],
[4, 0, 16, 11, 12, 15, 13, 9, 12, 19, 8, 18, 6, 9, 6],
[12, 16, 0, 8, 26, 8, 23, 24, 9, 22, 21, 22, 22, 23, 18],
[8, 11, 8, 0, 18, 4, 15, 17, 12, 14, 13, 14, 16, 17, 15],
[15, 12, 26, 18, 0, 21, 6, 4, 24, 16, 5, 15, 7, 4, 16],
[12, 15, 8, 4, 21, 0, 17, 21, 15, 14, 17, 14, 20, 20, 19],
[14, 13, 23, 15, 6, 17, 0, 9, 23, 10, 5, 9, 11, 8, 18],
[12, 9, 24, 17, 4, 21, 9, 0, 21, 19, 5, 18, 3, 1, 12],
[9, 12, 9, 12, 24, 15, 23, 21, 0, 26, 19, 26, 18, 20, 11],
[19, 19, 22, 14, 16, 14, 10, 19, 26, 0, 14, 1, 20, 18, 25],
[10, 8, 21, 13, 5, 17, 5, 5, 19, 14, 0, 13, 6, 4, 13],
[18, 18, 22, 14, 15, 14, 9, 18, 26, 1, 13, 0, 19, 17, 24],
[10, 6, 22, 16, 7, 20, 11, 3, 18, 20, 6, 19, 0, 3, 9],
[12, 9, 23, 17, 4, 20, 8, 1, 20, 18, 4, 17, 3, 0, 12],
[7, 6, 18, 15, 16, 19, 18, 12, 11, 25, 13, 24, 9, 12, 0]
   ]
];