// INSTANCIA FGSSP 20x20-05
nbJobs = 20;
nbMchs = 20;

OpDurations = [
[36, 40, 58, 15, 89, 33, 97, 23, 99, 88, 30, 14, 88, 75, 58, 55, 7, 51, 56, 90]
[47, 70, 98, 94, 24, 89, 71, 3, 66, 25, 46, 81, 78, 46, 18, 87, 59, 83, 46, 56]
[36, 63, 77, 52, 25, 68, 12, 74, 74, 24, 7, 59, 94, 96, 84, 12, 50, 63, 97, 31]
[83, 74, 42, 72, 12, 2, 20, 30, 6, 37, 95, 47, 79, 96, 63, 75, 21, 3, 19, 93]
[56, 93, 3, 51, 56, 56, 95, 16, 97, 75, 12, 62, 74, 52, 95, 22, 40, 43, 27, 51]
[84, 52, 7, 14, 52, 32, 18, 88, 37, 87, 98, 25, 49, 86, 34, 50, 13, 6, 21, 21]
[3, 36, 66, 47, 24, 15, 15, 56, 81, 80, 97, 67, 90, 40, 39, 41, 35, 38, 43, 97]
[29, 75, 89, 69, 45, 21, 3, 98, 94, 60, 94, 7, 18, 74, 24, 29, 51, 51, 61, 31]
[12, 51, 9, 81, 60, 57, 73, 67, 39, 89, 12, 58, 27, 23, 20, 74, 10, 69, 30, 4]
[99, 74, 64, 90, 80, 47, 23, 71, 61, 17, 22, 78, 28, 21, 17, 36, 53, 96, 42, 58]
[9, 93, 22, 91, 25, 54, 96, 25, 92, 26, 51, 89, 77, 91, 47, 16, 43, 67, 67, 67]
[83, 79, 24, 34, 33, 87, 32, 17, 21, 6, 75, 43, 67, 43, 76, 19, 16, 17, 50, 47]
[52, 86, 84, 60, 78, 27, 84, 25, 55, 54, 3, 99, 30, 32, 24, 29, 89, 23, 11, 22]
[46, 87, 69, 10, 32, 87, 20, 40, 43, 48, 30, 98, 25, 93, 49, 80, 95, 78, 30, 81]
[84, 53, 81, 69, 74, 11, 9, 89, 50, 8, 65, 74, 92, 15, 9, 25, 34, 65, 96, 99]
[14, 92, 47, 42, 11, 89, 4, 55, 64, 99, 10, 10, 39, 79, 7, 72, 41, 90, 85, 8]
[2, 7, 56, 15, 76, 33, 43, 17, 18, 97, 30, 30, 60, 43, 20, 60, 92, 60, 1, 63]
[60, 85, 15, 95, 10, 84, 23, 44, 26, 48, 23, 87, 67, 76, 97, 71, 73, 63, 63, 87]
[21, 37, 47, 43, 59, 94, 76, 29, 91, 50, 60, 56, 48, 7, 50, 11, 38, 7, 76, 93]
[29, 9, 33, 48, 78, 9, 63, 24, 13, 90, 29, 57, 97, 1, 25, 38, 32, 72, 38, 64]
];

setup = [
//setup on machine: MAQ 0
[   [0, 18, 18, 26, 19, 24, 26, 3, 21, 25, 19, 24, 11, 24, 19, 8, 16, 24, 28, 23],
[18, 0, 10, 8, 2, 12, 8, 17, 13, 12, 19, 6, 10, 10, 1, 11, 8, 9, 13, 14],
[18, 10, 0, 16, 12, 22, 17, 19, 22, 22, 27, 11, 16, 20, 10, 13, 3, 8, 23, 24],
[26, 8, 16, 0, 7, 11, 1, 25, 13, 10, 22, 5, 16, 8, 7, 18, 15, 10, 9, 14],
[19, 2, 12, 7, 0, 10, 7, 18, 11, 10, 18, 6, 10, 8, 2, 12, 10, 10, 11, 12],
[24, 12, 22, 11, 10, 0, 10, 22, 4, 1, 13, 14, 14, 3, 12, 18, 20, 19, 4, 3],
[26, 8, 17, 1, 7, 10, 0, 25, 13, 9, 22, 6, 17, 7, 8, 19, 16, 11, 8, 13],
[3, 17, 19, 25, 18, 22, 25, 0, 19, 23, 16, 23, 9, 22, 18, 7, 16, 24, 25, 21],
[21, 13, 22, 13, 11, 4, 13, 19, 0, 5, 9, 16, 11, 6, 13, 16, 20, 21, 8, 2],
[25, 12, 22, 10, 10, 1, 9, 23, 5, 0, 14, 14, 14, 2, 12, 18, 20, 19, 3, 4],
[19, 19, 27, 22, 18, 13, 22, 16, 9, 14, 0, 24, 12, 15, 20, 17, 24, 28, 17, 10],
[24, 6, 11, 5, 6, 14, 6, 23, 16, 14, 24, 0, 16, 12, 5, 16, 11, 5, 14, 17],
[11, 10, 16, 16, 10, 14, 17, 9, 11, 14, 12, 16, 0, 13, 11, 5, 13, 18, 17, 13],
[24, 10, 20, 8, 8, 3, 7, 22, 6, 2, 15, 12, 13, 0, 10, 17, 18, 17, 4, 6],
[19, 1, 10, 7, 2, 12, 8, 18, 13, 12, 20, 5, 11, 10, 0, 12, 8, 8, 13, 14],
[8, 11, 13, 18, 12, 18, 19, 7, 16, 18, 17, 16, 5, 17, 12, 0, 10, 17, 21, 18],
[16, 8, 3, 15, 10, 20, 16, 16, 20, 20, 24, 11, 13, 18, 8, 10, 0, 9, 21, 21],
[24, 9, 8, 10, 10, 19, 11, 24, 21, 19, 28, 5, 18, 17, 8, 17, 9, 0, 19, 22],
[28, 13, 23, 9, 11, 4, 8, 25, 8, 3, 17, 14, 17, 4, 13, 21, 21, 19, 0, 7],
[23, 14, 24, 14, 12, 3, 13, 21, 2, 4, 10, 17, 13, 6, 14, 18, 21, 22, 7, 0]
   ],
//setup on machine: MAQ 1
[   [0, 9, 19, 18, 9, 16, 1, 18, 19, 11, 15, 22, 25, 3, 6, 16, 7, 11, 20, 19],
[9, 0, 24, 16, 14, 17, 9, 13, 23, 18, 19, 20, 22, 6, 15, 14, 10, 15, 17, 17],
[19, 24, 0, 15, 10, 10, 18, 23, 4, 9, 5, 17, 20, 21, 15, 17, 14, 9, 18, 17],
[18, 16, 15, 0, 13, 5, 17, 9, 12, 17, 11, 4, 7, 18, 19, 3, 11, 10, 3, 2],
[9, 14, 10, 13, 0, 9, 8, 17, 10, 5, 6, 17, 20, 11, 7, 13, 5, 3, 16, 15],
[16, 17, 10, 5, 9, 0, 15, 13, 7, 13, 6, 8, 11, 17, 16, 7, 9, 6, 8, 7],
[1, 9, 18, 17, 8, 15, 0, 18, 18, 10, 14, 21, 24, 4, 6, 16, 6, 10, 19, 18],
[18, 13, 23, 9, 17, 13, 18, 0, 20, 22, 18, 10, 11, 17, 22, 6, 13, 16, 7, 8],
[19, 23, 4, 12, 10, 7, 18, 20, 0, 11, 4, 13, 16, 21, 17, 14, 13, 8, 14, 13],
[11, 18, 9, 17, 5, 13, 10, 22, 11, 0, 8, 21, 24, 14, 6, 18, 10, 7, 20, 19],
[15, 19, 5, 11, 6, 6, 14, 18, 4, 8, 0, 14, 17, 17, 13, 13, 9, 4, 14, 13],
[22, 20, 17, 4, 17, 8, 21, 10, 13, 21, 14, 0, 3, 22, 23, 6, 15, 14, 3, 3],
[25, 22, 20, 7, 20, 11, 24, 11, 16, 24, 17, 3, 0, 25, 26, 9, 18, 17, 5, 6],
[3, 6, 21, 18, 11, 17, 4, 17, 21, 14, 17, 22, 25, 0, 9, 16, 8, 13, 20, 19],
[6, 15, 15, 19, 7, 16, 6, 22, 17, 6, 13, 23, 26, 9, 0, 19, 9, 10, 22, 21],
[16, 14, 17, 3, 13, 7, 16, 6, 14, 18, 13, 6, 9, 16, 19, 0, 10, 11, 4, 3],
[7, 10, 14, 11, 5, 9, 6, 13, 13, 10, 9, 15, 18, 8, 9, 10, 0, 5, 13, 12],
[11, 15, 9, 10, 3, 6, 10, 16, 8, 7, 4, 14, 17, 13, 10, 11, 5, 0, 13, 12],
[20, 17, 18, 3, 16, 8, 19, 7, 14, 20, 14, 3, 5, 20, 22, 4, 13, 13, 0, 1],
[19, 17, 17, 2, 15, 7, 18, 8, 13, 19, 13, 3, 6, 19, 21, 3, 12, 12, 1, 0]
   ],
//setup on machine: MAQ 2
[   [0, 25, 19, 8, 17, 22, 3, 8, 22, 22, 14, 3, 13, 22, 15, 10, 23, 21, 20, 10],
[25, 0, 14, 17, 17, 5, 27, 22, 5, 3, 16, 22, 22, 11, 16, 21, 2, 20, 8, 19],
[19, 14, 0, 16, 4, 16, 20, 12, 9, 12, 20, 18, 24, 4, 4, 22, 14, 6, 6, 20],
[8, 17, 16, 0, 16, 14, 11, 10, 15, 15, 7, 5, 9, 17, 13, 6, 16, 20, 14, 5],
[17, 17, 4, 16, 0, 19, 18, 10, 12, 15, 21, 17, 25, 8, 3, 22, 17, 4, 9, 21],
[22, 5, 16, 14, 19, 0, 25, 21, 8, 5, 11, 19, 17, 14, 17, 17, 4, 22, 10, 15],
[3, 27, 20, 11, 18, 25, 0, 8, 24, 24, 17, 6, 16, 24, 16, 13, 26, 21, 22, 13],
[8, 22, 12, 10, 10, 21, 8, 0, 18, 19, 17, 9, 19, 16, 8, 16, 21, 13, 15, 15],
[22, 5, 9, 15, 12, 8, 24, 18, 0, 3, 16, 20, 22, 6, 11, 20, 5, 15, 3, 18],
[22, 3, 12, 15, 15, 5, 24, 19, 3, 0, 14, 20, 20, 9, 14, 19, 2, 18, 6, 17],
[14, 16, 20, 7, 21, 11, 17, 17, 16, 14, 0, 11, 6, 20, 18, 6, 14, 25, 16, 4],
[3, 22, 18, 5, 17, 19, 6, 9, 20, 20, 11, 0, 10, 21, 15, 7, 21, 21, 18, 7],
[13, 22, 24, 9, 25, 17, 16, 19, 22, 20, 6, 10, 0, 25, 22, 3, 20, 29, 22, 4],
[22, 11, 4, 17, 8, 14, 24, 16, 6, 9, 20, 21, 25, 0, 8, 23, 11, 9, 4, 22],
[15, 16, 4, 13, 3, 17, 16, 8, 11, 14, 18, 15, 22, 8, 0, 19, 16, 7, 8, 18],
[10, 21, 22, 6, 22, 17, 13, 16, 20, 19, 6, 7, 3, 23, 19, 0, 19, 26, 20, 2],
[23, 2, 14, 16, 17, 4, 26, 21, 5, 2, 14, 21, 20, 11, 16, 19, 0, 20, 8, 17],
[21, 20, 6, 20, 4, 22, 21, 13, 15, 18, 25, 21, 29, 9, 7, 26, 20, 0, 12, 25],
[20, 8, 6, 14, 9, 10, 22, 15, 3, 6, 16, 18, 22, 4, 8, 20, 8, 12, 0, 18],
[10, 19, 20, 5, 21, 15, 13, 15, 18, 17, 4, 7, 4, 22, 18, 2, 17, 25, 18, 0]
   ],
//setup on machine: MAQ 3
[   [0, 6, 18, 22, 21, 23, 11, 17, 22, 9, 19, 21, 8, 13, 16, 14, 24, 17, 16, 18],
[6, 0, 12, 17, 19, 18, 9, 18, 17, 12, 14, 22, 9, 12, 11, 8, 21, 11, 18, 19],
[18, 12, 0, 8, 20, 8, 13, 22, 6, 20, 7, 26, 17, 16, 8, 4, 17, 3, 25, 23],
[22, 17, 8, 0, 16, 1, 13, 20, 3, 21, 3, 23, 18, 15, 7, 11, 11, 11, 24, 20],
[21, 19, 20, 16, 0, 16, 10, 6, 18, 13, 14, 8, 13, 8, 12, 20, 7, 22, 11, 6],
[23, 18, 8, 1, 16, 0, 14, 21, 3, 22, 4, 24, 19, 16, 8, 12, 11, 11, 25, 21],
[11, 9, 13, 13, 10, 14, 0, 10, 15, 8, 10, 14, 5, 3, 6, 12, 13, 14, 12, 11],
[17, 18, 22, 20, 6, 21, 10, 0, 22, 9, 17, 4, 10, 7, 14, 21, 13, 24, 5, 1],
[22, 17, 6, 3, 18, 3, 15, 22, 0, 23, 5, 25, 19, 17, 9, 10, 14, 9, 26, 23],
[9, 12, 20, 21, 13, 22, 8, 9, 23, 0, 18, 12, 4, 7, 14, 18, 19, 21, 7, 10],
[19, 14, 7, 3, 14, 4, 10, 17, 5, 18, 0, 21, 15, 12, 4, 10, 10, 10, 21, 18],
[21, 22, 26, 23, 8, 24, 14, 4, 25, 12, 21, 0, 14, 11, 18, 25, 15, 28, 6, 3],
[8, 9, 17, 18, 13, 19, 5, 10, 19, 4, 15, 14, 0, 6, 11, 14, 17, 17, 10, 11],
[13, 12, 16, 15, 8, 16, 3, 7, 17, 7, 12, 11, 6, 0, 8, 15, 12, 17, 9, 8],
[16, 11, 8, 7, 12, 8, 6, 14, 9, 14, 4, 18, 11, 8, 0, 9, 10, 10, 17, 15],
[14, 8, 4, 11, 20, 12, 12, 21, 10, 18, 10, 25, 14, 15, 9, 0, 19, 3, 23, 22],
[24, 21, 17, 11, 7, 11, 13, 13, 14, 19, 10, 15, 17, 12, 10, 19, 0, 20, 18, 13],
[17, 11, 3, 11, 22, 11, 14, 24, 9, 21, 10, 28, 17, 17, 10, 3, 20, 0, 26, 25],
[16, 18, 25, 24, 11, 25, 12, 5, 26, 7, 21, 6, 10, 9, 17, 23, 18, 26, 0, 5],
[18, 19, 23, 20, 6, 21, 11, 1, 23, 10, 18, 3, 11, 8, 15, 22, 13, 25, 5, 0]
   ],
//setup on machine: MAQ 4
[   [0, 14, 17, 18, 14, 7, 10, 9, 12, 14, 10, 3, 3, 10, 11, 11, 6, 11, 17, 8],
[14, 0, 9, 19, 19, 21, 4, 20, 9, 22, 14, 15, 12, 6, 3, 23, 13, 21, 20, 11],
[17, 9, 0, 11, 14, 23, 10, 19, 5, 18, 22, 19, 16, 14, 9, 21, 19, 18, 13, 18],
[18, 19, 11, 0, 6, 22, 18, 14, 10, 10, 27, 21, 20, 22, 17, 16, 23, 12, 3, 24],
[14, 19, 14, 6, 0, 17, 17, 9, 11, 4, 24, 17, 17, 20, 17, 10, 20, 6, 3, 21],
[7, 21, 23, 22, 17, 0, 17, 8, 18, 14, 14, 6, 9, 16, 18, 9, 10, 11, 20, 13],
[10, 4, 10, 18, 17, 17, 0, 17, 8, 19, 12, 11, 8, 4, 1, 19, 10, 17, 18, 9],
[9, 20, 19, 14, 9, 8, 17, 0, 14, 6, 19, 11, 12, 18, 17, 3, 15, 3, 12, 17],
[12, 9, 5, 10, 11, 18, 8, 14, 0, 14, 18, 15, 12, 12, 7, 17, 15, 13, 11, 15],
[14, 22, 18, 10, 4, 14, 19, 6, 14, 0, 24, 16, 16, 21, 19, 6, 20, 3, 7, 21],
[10, 14, 22, 27, 24, 14, 12, 19, 18, 24, 0, 8, 8, 8, 13, 21, 4, 21, 26, 4],
[3, 15, 19, 21, 17, 6, 11, 11, 15, 16, 8, 0, 3, 10, 12, 13, 4, 14, 20, 7],
[3, 12, 16, 20, 17, 9, 8, 12, 12, 16, 8, 3, 0, 7, 9, 14, 4, 14, 19, 5],
[10, 6, 14, 22, 20, 16, 4, 18, 12, 21, 8, 10, 7, 0, 5, 21, 7, 19, 22, 5],
[11, 3, 9, 17, 17, 18, 1, 17, 7, 19, 13, 12, 9, 5, 0, 20, 11, 18, 18, 9],
[11, 23, 21, 16, 10, 9, 19, 3, 17, 6, 21, 13, 14, 21, 20, 0, 17, 4, 13, 19],
[6, 13, 19, 23, 20, 10, 10, 15, 15, 20, 4, 4, 4, 7, 11, 17, 0, 17, 22, 3],
[11, 21, 18, 12, 6, 11, 17, 3, 13, 3, 21, 14, 14, 19, 18, 4, 17, 0, 9, 19],
[17, 20, 13, 3, 3, 20, 18, 12, 11, 7, 26, 20, 19, 22, 18, 13, 22, 9, 0, 23],
[8, 11, 18, 24, 21, 13, 9, 17, 15, 21, 4, 7, 5, 5, 9, 19, 3, 19, 23, 0]
   ],
//setup on machine: MAQ 5
[   [0, 9, 13, 14, 20, 18, 13, 5, 14, 12, 13, 24, 3, 13, 15, 15, 2, 16, 22, 4],
[9, 0, 19, 7, 21, 11, 17, 12, 14, 8, 17, 23, 7, 16, 19, 11, 11, 22, 17, 13],
[13, 19, 0, 19, 11, 21, 2, 8, 10, 14, 4, 17, 16, 5, 4, 16, 11, 4, 20, 13],
[14, 7, 19, 0, 17, 4, 17, 15, 11, 5, 16, 17, 13, 15, 18, 5, 15, 22, 11, 18],
[20, 21, 11, 17, 0, 17, 9, 16, 7, 13, 8, 7, 22, 7, 7, 13, 19, 11, 13, 22],
[18, 11, 21, 4, 17, 0, 19, 18, 11, 7, 17, 15, 17, 16, 19, 5, 18, 24, 8, 22],
[13, 17, 2, 17, 9, 19, 0, 8, 8, 12, 2, 16, 15, 3, 2, 14, 11, 5, 18, 14],
[5, 12, 8, 15, 16, 18, 8, 0, 11, 11, 9, 21, 8, 9, 10, 14, 3, 11, 21, 6],
[14, 14, 10, 11, 7, 11, 8, 11, 0, 6, 6, 10, 15, 5, 8, 6, 13, 13, 10, 17],
[12, 8, 14, 5, 13, 7, 12, 11, 6, 0, 11, 15, 11, 10, 13, 4, 12, 17, 11, 15],
[13, 17, 4, 16, 8, 17, 2, 9, 6, 11, 0, 14, 15, 1, 2, 12, 11, 7, 16, 14],
[24, 23, 17, 17, 7, 15, 16, 21, 10, 15, 14, 0, 25, 13, 14, 12, 23, 18, 8, 27],
[3, 7, 16, 13, 22, 17, 15, 8, 15, 11, 15, 25, 0, 15, 17, 15, 5, 19, 22, 6],
[13, 16, 5, 15, 7, 16, 3, 9, 5, 10, 1, 13, 15, 0, 3, 11, 12, 8, 15, 15],
[15, 19, 4, 18, 7, 19, 2, 10, 8, 13, 2, 14, 17, 3, 0, 14, 13, 5, 17, 16],
[15, 11, 16, 5, 13, 5, 14, 14, 6, 4, 12, 12, 15, 11, 14, 0, 15, 19, 7, 19],
[2, 11, 11, 15, 19, 18, 11, 3, 13, 12, 11, 23, 5, 12, 13, 15, 0, 14, 22, 4],
[16, 22, 4, 22, 11, 24, 5, 11, 13, 17, 7, 18, 19, 8, 5, 19, 14, 0, 22, 16],
[22, 17, 20, 11, 13, 8, 18, 21, 10, 11, 16, 8, 22, 15, 17, 7, 22, 22, 0, 26],
[4, 13, 13, 18, 22, 22, 14, 6, 17, 15, 14, 27, 6, 15, 16, 19, 4, 16, 26, 0]
   ],
//setup on machine: MAQ 6
[   [0, 19, 19, 8, 8, 23, 2, 4, 15, 13, 23, 24, 15, 17, 20, 19, 17, 19, 23, 21],
[19, 0, 7, 13, 12, 17, 18, 19, 21, 23, 4, 13, 4, 22, 6, 1, 20, 3, 6, 22],
[19, 7, 0, 11, 14, 10, 17, 20, 15, 19, 7, 7, 7, 16, 2, 6, 14, 10, 6, 15],
[8, 13, 11, 0, 6, 16, 6, 10, 11, 12, 16, 16, 9, 13, 13, 13, 12, 14, 16, 16],
[8, 12, 14, 6, 0, 21, 8, 7, 17, 17, 16, 20, 8, 19, 15, 12, 18, 11, 17, 21],
[23, 17, 10, 16, 21, 0, 21, 26, 12, 17, 16, 5, 16, 12, 11, 16, 10, 20, 14, 8],
[2, 18, 17, 6, 8, 21, 0, 6, 13, 11, 22, 22, 14, 15, 19, 18, 15, 18, 22, 19],
[4, 19, 20, 10, 7, 26, 6, 0, 19, 17, 23, 26, 15, 21, 22, 19, 21, 18, 24, 25],
[15, 21, 15, 11, 17, 12, 13, 19, 0, 5, 22, 15, 17, 2, 17, 20, 2, 22, 21, 6],
[13, 23, 19, 12, 17, 17, 11, 17, 5, 0, 26, 20, 20, 6, 21, 23, 7, 25, 25, 11],
[23, 4, 7, 16, 16, 16, 22, 23, 22, 26, 0, 11, 8, 23, 5, 4, 21, 7, 2, 22],
[24, 13, 7, 16, 20, 5, 22, 26, 15, 20, 11, 0, 13, 16, 7, 12, 14, 16, 9, 12],
[15, 4, 7, 9, 8, 16, 14, 15, 17, 20, 8, 13, 0, 19, 7, 4, 17, 5, 9, 19],
[17, 22, 16, 13, 19, 12, 15, 21, 2, 6, 23, 16, 19, 0, 18, 21, 2, 24, 22, 5],
[20, 6, 2, 13, 15, 11, 19, 22, 17, 21, 5, 7, 7, 18, 0, 5, 16, 9, 4, 17],
[19, 1, 6, 13, 12, 16, 18, 19, 20, 23, 4, 12, 4, 21, 5, 0, 19, 4, 5, 21],
[17, 20, 14, 12, 18, 10, 15, 21, 2, 7, 21, 14, 17, 2, 16, 19, 0, 22, 20, 4],
[19, 3, 10, 14, 11, 20, 18, 18, 22, 25, 7, 16, 5, 24, 9, 4, 22, 0, 9, 24],
[23, 6, 6, 16, 17, 14, 22, 24, 21, 25, 2, 9, 9, 22, 4, 5, 20, 9, 0, 20],
[21, 22, 15, 16, 21, 8, 19, 25, 6, 11, 22, 12, 19, 5, 17, 21, 4, 24, 20, 0]
   ],
//setup on machine: MAQ 7
[   [0, 17, 4, 6, 21, 7, 6, 16, 13, 19, 7, 12, 14, 4, 13, 16, 6, 2, 4, 11],
[17, 0, 18, 12, 8, 15, 16, 8, 6, 10, 12, 12, 11, 21, 14, 15, 23, 18, 20, 18],
[4, 18, 0, 8, 23, 4, 10, 14, 13, 17, 10, 15, 17, 4, 10, 13, 9, 2, 3, 15],
[6, 12, 8, 0, 15, 8, 5, 12, 9, 16, 2, 7, 9, 10, 12, 15, 11, 7, 9, 9],
[21, 8, 23, 15, 0, 21, 17, 16, 13, 18, 14, 10, 8, 25, 21, 23, 25, 22, 24, 17],
[7, 15, 4, 8, 21, 0, 12, 10, 9, 13, 10, 15, 16, 8, 6, 9, 13, 6, 7, 17],
[6, 16, 10, 5, 17, 12, 0, 17, 13, 21, 4, 7, 9, 10, 17, 19, 9, 8, 9, 5],
[16, 8, 14, 12, 16, 10, 17, 0, 4, 4, 13, 16, 16, 18, 6, 7, 22, 15, 17, 21],
[13, 6, 13, 9, 13, 9, 13, 4, 0, 8, 9, 12, 12, 16, 9, 10, 19, 13, 15, 17],
[19, 10, 17, 16, 18, 13, 21, 4, 8, 0, 17, 19, 19, 21, 8, 7, 25, 18, 20, 25],
[7, 12, 10, 2, 14, 10, 4, 13, 9, 17, 0, 5, 7, 11, 14, 17, 12, 9, 11, 8],
[12, 12, 15, 7, 10, 15, 7, 16, 12, 19, 5, 0, 2, 16, 18, 21, 16, 14, 16, 7],
[14, 11, 17, 9, 8, 16, 9, 16, 12, 19, 7, 2, 0, 18, 19, 21, 18, 16, 18, 9],
[4, 21, 4, 10, 25, 8, 10, 18, 16, 21, 11, 16, 18, 0, 14, 17, 5, 3, 1, 14],
[13, 14, 10, 12, 21, 6, 17, 6, 9, 8, 14, 18, 19, 14, 0, 3, 18, 12, 13, 21],
[16, 15, 13, 15, 23, 9, 19, 7, 10, 7, 17, 21, 21, 17, 3, 0, 21, 14, 16, 24],
[6, 23, 9, 11, 25, 13, 9, 22, 19, 25, 12, 16, 18, 5, 18, 21, 0, 7, 6, 12],
[2, 18, 2, 7, 22, 6, 8, 15, 13, 18, 9, 14, 16, 3, 12, 14, 7, 0, 2, 13],
[4, 20, 3, 9, 24, 7, 9, 17, 15, 20, 11, 16, 18, 1, 13, 16, 6, 2, 0, 14],
[11, 18, 15, 9, 17, 17, 5, 21, 17, 25, 8, 7, 9, 14, 21, 24, 12, 13, 14, 0]
   ],
//setup on machine: MAQ 8
[   [0, 10, 14, 4, 15, 14, 16, 7, 10, 11, 11, 7, 8, 17, 14, 11, 9, 16, 13, 14],
[10, 0, 12, 13, 6, 11, 6, 11, 20, 7, 21, 7, 15, 14, 7, 13, 16, 15, 12, 8],
[14, 12, 0, 18, 17, 22, 16, 19, 21, 5, 21, 17, 11, 3, 8, 23, 12, 26, 23, 6],
[4, 13, 18, 0, 18, 15, 19, 6, 7, 15, 8, 9, 10, 21, 18, 10, 11, 15, 13, 18],
[15, 6, 17, 18, 0, 8, 3, 13, 25, 12, 25, 9, 21, 19, 10, 13, 22, 13, 11, 12],
[14, 11, 22, 15, 8, 0, 11, 9, 22, 17, 23, 7, 22, 25, 17, 6, 23, 5, 3, 18],
[16, 6, 16, 19, 3, 11, 0, 16, 26, 11, 27, 12, 21, 17, 8, 16, 22, 16, 14, 10],
[7, 11, 19, 6, 13, 9, 16, 0, 13, 15, 14, 4, 15, 22, 17, 4, 16, 9, 7, 18],
[10, 20, 21, 7, 25, 22, 26, 13, 0, 20, 1, 16, 10, 24, 24, 16, 10, 21, 20, 23],
[11, 7, 5, 15, 12, 17, 11, 15, 20, 0, 20, 12, 12, 8, 4, 18, 13, 21, 18, 3],
[11, 21, 21, 8, 25, 23, 27, 14, 1, 20, 0, 17, 10, 24, 24, 17, 10, 22, 21, 23],
[7, 7, 17, 9, 9, 7, 12, 4, 16, 12, 17, 0, 15, 20, 14, 6, 16, 9, 7, 14],
[8, 15, 11, 10, 21, 22, 21, 15, 10, 12, 10, 15, 0, 14, 16, 19, 1, 24, 21, 15],
[17, 14, 3, 21, 19, 25, 17, 22, 24, 8, 24, 20, 14, 0, 9, 26, 14, 29, 26, 7],
[14, 7, 8, 18, 10, 17, 8, 17, 24, 4, 24, 14, 16, 9, 0, 19, 17, 22, 19, 2],
[11, 13, 23, 10, 13, 6, 16, 4, 16, 18, 17, 6, 19, 26, 19, 0, 20, 5, 4, 20],
[9, 16, 12, 11, 22, 23, 22, 16, 10, 13, 10, 16, 1, 14, 17, 20, 0, 25, 22, 16],
[16, 15, 26, 15, 13, 5, 16, 9, 21, 21, 22, 9, 24, 29, 22, 5, 25, 0, 3, 23],
[13, 12, 23, 13, 11, 3, 14, 7, 20, 18, 21, 7, 21, 26, 19, 4, 22, 3, 0, 20],
[14, 8, 6, 18, 12, 18, 10, 18, 23, 3, 23, 14, 15, 7, 2, 20, 16, 23, 20, 0]
   ],
//setup on machine: MAQ 9
[   [0, 13, 7, 18, 17, 22, 8, 9, 5, 21, 26, 16, 4, 1, 24, 19, 9, 11, 11, 4],
[13, 0, 18, 7, 21, 19, 12, 4, 8, 12, 22, 20, 9, 13, 21, 25, 14, 7, 14, 9],
[7, 18, 0, 22, 12, 20, 7, 14, 11, 23, 24, 11, 11, 6, 22, 13, 6, 14, 9, 10],
[18, 7, 22, 0, 21, 16, 15, 9, 13, 6, 17, 20, 15, 18, 17, 25, 17, 8, 15, 15],
[17, 21, 12, 21, 0, 10, 10, 17, 17, 19, 14, 1, 19, 16, 12, 4, 8, 14, 7, 18],
[22, 19, 20, 16, 10, 0, 14, 17, 19, 12, 4, 10, 22, 21, 2, 14, 14, 13, 11, 21],
[8, 12, 7, 15, 10, 14, 0, 8, 7, 16, 18, 9, 9, 7, 16, 13, 2, 7, 4, 8],
[9, 4, 14, 9, 17, 17, 8, 0, 4, 13, 20, 16, 6, 9, 19, 21, 10, 4, 10, 6],
[5, 8, 11, 13, 17, 19, 7, 4, 0, 17, 23, 16, 3, 5, 21, 20, 9, 7, 10, 2],
[21, 12, 23, 6, 19, 12, 16, 13, 17, 0, 12, 19, 19, 21, 12, 23, 17, 10, 15, 19],
[26, 22, 24, 17, 14, 4, 18, 20, 23, 12, 0, 14, 25, 25, 2, 17, 18, 16, 15, 25],
[16, 20, 11, 20, 1, 10, 9, 16, 16, 19, 14, 0, 18, 15, 12, 5, 7, 13, 6, 17],
[4, 9, 11, 15, 19, 22, 9, 6, 3, 19, 25, 18, 0, 5, 24, 22, 11, 10, 13, 1],
[1, 13, 6, 18, 16, 21, 7, 9, 5, 21, 25, 15, 5, 0, 23, 18, 8, 11, 11, 4],
[24, 21, 22, 17, 12, 2, 16, 19, 21, 12, 2, 12, 24, 23, 0, 15, 16, 15, 13, 23],
[19, 25, 13, 25, 4, 14, 13, 21, 20, 23, 17, 5, 22, 18, 15, 0, 11, 18, 11, 21],
[9, 14, 6, 17, 8, 14, 2, 10, 9, 17, 18, 7, 11, 8, 16, 11, 0, 9, 3, 10],
[11, 7, 14, 8, 14, 13, 7, 4, 7, 10, 16, 13, 10, 11, 15, 18, 9, 0, 7, 9],
[11, 14, 9, 15, 7, 11, 4, 10, 10, 15, 15, 6, 13, 11, 13, 11, 3, 7, 0, 12],
[4, 9, 10, 15, 18, 21, 8, 6, 2, 19, 25, 17, 1, 4, 23, 21, 10, 9, 12, 0]
   ],
//setup on machine: MAQ 10
[   [0, 5, 15, 4, 17, 25, 6, 25, 3, 9, 3, 12, 9, 20, 16, 11, 13, 18, 19, 10],
[5, 0, 20, 9, 18, 29, 8, 28, 5, 8, 7, 17, 13, 23, 20, 15, 18, 21, 21, 10],
[15, 20, 0, 11, 20, 15, 15, 16, 16, 20, 14, 3, 11, 13, 9, 10, 5, 13, 18, 19],
[4, 9, 11, 0, 18, 23, 8, 23, 6, 12, 5, 8, 5, 18, 14, 7, 9, 17, 19, 13],
[17, 18, 20, 18, 0, 17, 11, 15, 14, 11, 14, 19, 23, 11, 12, 24, 23, 9, 4, 8],
[25, 29, 15, 23, 17, 0, 21, 3, 24, 24, 22, 17, 24, 6, 9, 24, 20, 8, 13, 22],
[6, 8, 15, 8, 11, 21, 0, 20, 4, 5, 3, 12, 13, 15, 12, 14, 15, 13, 13, 5],
[25, 28, 16, 23, 15, 3, 20, 0, 23, 23, 22, 18, 25, 5, 9, 25, 21, 7, 11, 21],
[3, 5, 16, 6, 14, 24, 4, 23, 0, 6, 2, 13, 11, 18, 15, 13, 15, 16, 17, 7],
[9, 8, 20, 12, 11, 24, 5, 23, 6, 0, 7, 17, 17, 18, 16, 19, 20, 16, 14, 3],
[3, 7, 14, 5, 14, 22, 3, 22, 2, 7, 0, 11, 10, 17, 13, 12, 13, 15, 16, 8],
[12, 17, 3, 8, 19, 17, 12, 18, 13, 17, 11, 0, 8, 14, 9, 8, 4, 13, 18, 17],
[9, 13, 11, 5, 23, 24, 13, 25, 11, 17, 10, 8, 0, 21, 16, 2, 6, 19, 23, 17],
[20, 23, 13, 18, 11, 6, 15, 5, 18, 18, 17, 14, 21, 0, 5, 21, 18, 2, 8, 16],
[16, 20, 9, 14, 12, 9, 12, 9, 15, 16, 13, 9, 16, 5, 0, 16, 13, 4, 10, 14],
[11, 15, 10, 7, 24, 24, 14, 25, 13, 19, 12, 8, 2, 21, 16, 0, 5, 20, 24, 19],
[13, 18, 5, 9, 23, 20, 15, 21, 15, 20, 13, 4, 6, 18, 13, 5, 0, 17, 22, 20],
[18, 21, 13, 17, 9, 8, 13, 7, 16, 16, 15, 13, 19, 2, 4, 20, 17, 0, 6, 14],
[19, 21, 18, 19, 4, 13, 13, 11, 17, 14, 16, 18, 23, 8, 10, 24, 22, 6, 0, 11],
[10, 10, 19, 13, 8, 22, 5, 21, 7, 3, 8, 17, 17, 16, 14, 19, 20, 14, 11, 0]
   ],
//setup on machine: MAQ 11
[   [0, 4, 15, 5, 5, 12, 10, 4, 10, 17, 13, 6, 13, 11, 12, 8, 18, 14, 7, 11],
[4, 0, 19, 9, 8, 16, 14, 6, 14, 18, 12, 3, 14, 7, 16, 5, 21, 17, 8, 14],
[15, 19, 0, 10, 12, 4, 6, 14, 5, 20, 24, 21, 19, 26, 6, 23, 4, 6, 15, 10],
[5, 9, 10, 0, 4, 7, 6, 5, 5, 17, 16, 11, 14, 16, 8, 13, 13, 9, 8, 8],
[5, 8, 12, 4, 0, 8, 6, 8, 7, 21, 18, 11, 17, 15, 8, 11, 16, 13, 11, 12],
[12, 16, 4, 7, 8, 0, 2, 12, 2, 21, 23, 18, 19, 23, 2, 19, 8, 8, 14, 11],
[10, 14, 6, 6, 6, 2, 0, 11, 2, 21, 22, 16, 19, 21, 2, 17, 10, 9, 13, 11],
[4, 6, 14, 5, 8, 12, 11, 0, 10, 13, 11, 7, 9, 12, 13, 11, 16, 11, 3, 8],
[10, 14, 5, 5, 7, 2, 2, 10, 0, 19, 21, 16, 17, 21, 4, 18, 9, 7, 12, 9],
[17, 18, 20, 17, 21, 21, 21, 13, 19, 0, 11, 17, 5, 20, 23, 23, 19, 15, 11, 10],
[13, 12, 24, 16, 18, 23, 22, 11, 21, 11, 0, 9, 7, 10, 24, 15, 25, 20, 9, 15],
[6, 3, 21, 11, 11, 18, 16, 7, 16, 17, 9, 0, 12, 5, 18, 6, 23, 18, 8, 14],
[13, 14, 19, 14, 17, 19, 19, 9, 17, 5, 7, 12, 0, 15, 21, 18, 19, 14, 6, 9],
[11, 7, 26, 16, 15, 23, 21, 12, 21, 20, 10, 5, 15, 0, 23, 7, 28, 23, 12, 19],
[12, 16, 6, 8, 8, 2, 2, 13, 4, 23, 24, 18, 21, 23, 0, 19, 10, 10, 15, 13],
[8, 5, 23, 13, 11, 19, 17, 11, 18, 23, 15, 6, 18, 7, 19, 0, 26, 22, 13, 19],
[18, 21, 4, 13, 16, 8, 10, 16, 9, 19, 25, 23, 19, 28, 10, 26, 0, 5, 17, 10],
[14, 17, 6, 9, 13, 8, 9, 11, 7, 15, 20, 18, 14, 23, 10, 22, 5, 0, 12, 5],
[7, 8, 15, 8, 11, 14, 13, 3, 12, 11, 9, 8, 6, 12, 15, 13, 17, 12, 0, 7],
[11, 14, 10, 8, 12, 11, 11, 8, 9, 10, 15, 14, 9, 19, 13, 19, 10, 5, 7, 0]
   ],
//setup on machine: MAQ 12
[   [0, 10, 19, 9, 7, 18, 17, 18, 7, 22, 10, 20, 3, 13, 6, 12, 21, 25, 20, 10],
[10, 0, 19, 6, 12, 21, 9, 19, 14, 14, 12, 22, 9, 4, 10, 9, 17, 25, 15, 16],
[19, 19, 0, 24, 12, 7, 15, 2, 15, 15, 9, 4, 16, 17, 13, 10, 9, 6, 10, 12],
[9, 6, 24, 0, 14, 25, 15, 23, 15, 20, 16, 26, 10, 10, 13, 14, 22, 30, 21, 18],
[7, 12, 12, 14, 0, 11, 15, 11, 4, 18, 3, 13, 4, 13, 2, 8, 16, 18, 16, 4],
[18, 21, 7, 25, 11, 0, 20, 5, 12, 21, 9, 4, 15, 20, 12, 13, 15, 10, 17, 8],
[17, 9, 15, 15, 15, 20, 0, 16, 18, 5, 13, 19, 15, 5, 13, 8, 9, 20, 7, 18],
[18, 19, 2, 23, 11, 5, 16, 0, 13, 16, 8, 3, 15, 17, 12, 10, 10, 7, 12, 10],
[7, 14, 15, 15, 4, 12, 18, 13, 0, 22, 6, 15, 5, 16, 5, 11, 19, 20, 19, 4],
[22, 14, 15, 20, 18, 21, 5, 16, 22, 0, 16, 19, 19, 10, 17, 11, 7, 18, 5, 21],
[10, 12, 9, 16, 3, 9, 13, 8, 6, 16, 0, 11, 7, 12, 4, 6, 13, 15, 13, 5],
[20, 22, 4, 26, 13, 4, 19, 3, 15, 19, 11, 0, 17, 20, 14, 13, 13, 6, 14, 11],
[3, 9, 16, 10, 4, 15, 15, 15, 5, 19, 7, 17, 0, 11, 3, 9, 18, 22, 17, 8],
[13, 4, 17, 10, 13, 20, 5, 17, 16, 10, 12, 20, 11, 0, 11, 7, 13, 22, 11, 16],
[6, 10, 13, 13, 2, 12, 13, 12, 5, 17, 4, 14, 3, 11, 0, 7, 15, 19, 15, 6],
[12, 9, 10, 14, 8, 13, 8, 10, 11, 11, 6, 13, 9, 7, 7, 0, 9, 16, 8, 11],
[21, 17, 9, 22, 16, 15, 9, 10, 19, 7, 13, 13, 18, 13, 15, 9, 0, 11, 2, 17],
[25, 25, 6, 30, 18, 10, 20, 7, 20, 18, 15, 6, 22, 22, 19, 16, 11, 0, 13, 17],
[20, 15, 10, 21, 16, 17, 7, 12, 19, 5, 13, 14, 17, 11, 15, 8, 2, 13, 0, 18],
[10, 16, 12, 18, 4, 8, 18, 10, 4, 21, 5, 11, 8, 16, 6, 11, 17, 17, 18, 0]
   ],
//setup on machine: MAQ 13
[   [0, 16, 14, 13, 9, 11, 5, 10, 13, 14, 16, 11, 12, 3, 7, 12, 10, 13, 8, 19],
[16, 0, 2, 19, 21, 23, 20, 16, 8, 17, 4, 13, 16, 18, 13, 22, 17, 7, 11, 7],
[14, 2, 0, 17, 19, 21, 18, 15, 7, 15, 5, 12, 15, 16, 11, 20, 15, 5, 9, 8],
[13, 19, 17, 0, 7, 7, 10, 22, 22, 3, 22, 22, 24, 11, 18, 4, 3, 13, 18, 25],
[9, 21, 19, 7, 0, 2, 4, 19, 21, 9, 23, 20, 21, 6, 16, 4, 6, 16, 16, 26],
[11, 23, 21, 7, 2, 0, 6, 21, 23, 10, 25, 22, 23, 8, 18, 3, 7, 17, 18, 28],
[5, 20, 18, 10, 4, 6, 0, 15, 18, 12, 21, 16, 17, 2, 12, 8, 8, 15, 13, 24],
[10, 16, 15, 22, 19, 21, 15, 0, 9, 22, 13, 3, 2, 13, 4, 22, 19, 17, 6, 15],
[13, 8, 7, 22, 21, 23, 18, 9, 0, 20, 4, 6, 9, 16, 8, 23, 19, 11, 6, 6],
[14, 17, 15, 3, 9, 10, 12, 22, 20, 0, 20, 21, 24, 12, 18, 7, 4, 10, 17, 23],
[16, 4, 5, 22, 23, 25, 21, 13, 4, 20, 0, 10, 13, 19, 11, 24, 19, 10, 9, 4],
[11, 13, 12, 22, 20, 22, 16, 3, 6, 21, 10, 0, 3, 14, 4, 22, 19, 15, 4, 12],
[12, 16, 15, 24, 21, 23, 17, 2, 9, 24, 13, 3, 0, 15, 6, 24, 21, 18, 7, 14],
[3, 18, 16, 11, 6, 8, 2, 13, 16, 12, 19, 14, 15, 0, 10, 9, 8, 14, 11, 22],
[7, 13, 11, 18, 16, 18, 12, 4, 8, 18, 11, 4, 6, 10, 0, 18, 15, 13, 2, 14],
[12, 22, 20, 4, 4, 3, 8, 22, 23, 7, 24, 22, 24, 9, 18, 0, 5, 16, 18, 27],
[10, 17, 15, 3, 6, 7, 8, 19, 19, 4, 19, 19, 21, 8, 15, 5, 0, 11, 15, 23],
[13, 7, 5, 13, 16, 17, 15, 17, 11, 10, 10, 15, 18, 14, 13, 16, 11, 0, 11, 13],
[8, 11, 9, 18, 16, 18, 13, 6, 6, 17, 9, 4, 7, 11, 2, 18, 15, 11, 0, 12],
[19, 7, 8, 25, 26, 28, 24, 15, 6, 23, 4, 12, 14, 22, 14, 27, 23, 13, 12, 0]
   ],
//setup on machine: MAQ 14
[   [0, 7, 14, 12, 10, 9, 14, 7, 10, 14, 8, 11, 16, 7, 13, 13, 14, 3, 13, 11],
[7, 0, 21, 7, 11, 12, 13, 1, 17, 11, 2, 9, 13, 11, 19, 20, 21, 7, 20, 14],
[14, 21, 0, 22, 14, 20, 19, 21, 10, 20, 22, 18, 22, 19, 16, 11, 11, 17, 13, 22],
[12, 7, 22, 0, 9, 19, 8, 8, 22, 5, 8, 5, 7, 17, 24, 25, 26, 13, 25, 20],
[10, 11, 14, 9, 0, 19, 5, 12, 17, 6, 13, 4, 8, 17, 22, 20, 21, 13, 21, 21],
[9, 12, 20, 19, 19, 0, 23, 11, 11, 22, 11, 19, 24, 2, 9, 13, 14, 6, 12, 2],
[14, 13, 19, 8, 5, 23, 0, 14, 22, 3, 15, 4, 3, 21, 26, 25, 26, 17, 25, 25],
[7, 1, 21, 8, 12, 11, 14, 0, 17, 12, 1, 10, 14, 10, 18, 20, 21, 6, 19, 13],
[10, 17, 10, 22, 17, 11, 22, 17, 0, 22, 18, 19, 24, 10, 6, 3, 4, 11, 4, 13],
[14, 11, 20, 5, 6, 22, 3, 12, 22, 0, 13, 3, 2, 20, 26, 25, 26, 16, 26, 24],
[8, 2, 22, 8, 13, 11, 15, 1, 18, 13, 0, 11, 15, 10, 19, 21, 22, 7, 20, 13],
[11, 9, 18, 5, 4, 19, 4, 10, 19, 3, 11, 0, 5, 17, 23, 22, 23, 13, 23, 21],
[16, 13, 22, 7, 8, 24, 3, 14, 24, 2, 15, 5, 0, 22, 28, 27, 28, 18, 28, 26],
[7, 11, 19, 17, 17, 2, 21, 10, 10, 20, 10, 17, 22, 0, 9, 13, 14, 4, 11, 4],
[13, 19, 16, 24, 22, 9, 26, 18, 6, 26, 19, 23, 28, 9, 0, 6, 6, 12, 4, 9],
[13, 20, 11, 25, 20, 13, 25, 20, 3, 25, 21, 22, 27, 13, 6, 0, 1, 14, 2, 14],
[14, 21, 11, 26, 21, 14, 26, 21, 4, 26, 22, 23, 28, 14, 6, 1, 0, 15, 3, 15],
[3, 7, 17, 13, 13, 6, 17, 6, 11, 16, 7, 13, 18, 4, 12, 14, 15, 0, 13, 8],
[13, 20, 13, 25, 21, 12, 25, 19, 4, 26, 20, 23, 28, 11, 4, 2, 3, 13, 0, 13],
[11, 14, 22, 20, 21, 2, 25, 13, 13, 24, 13, 21, 26, 4, 9, 14, 15, 8, 13, 0]
   ],
//setup on machine: MAQ 15
[   [0, 1, 16, 10, 3, 15, 2, 11, 4, 9, 22, 5, 14, 3, 18, 4, 18, 18, 19, 20],
[1, 0, 16, 11, 3, 16, 1, 12, 4, 9, 23, 6, 14, 2, 19, 5, 19, 19, 19, 21],
[16, 16, 0, 11, 16, 5, 17, 7, 16, 13, 18, 11, 14, 18, 6, 12, 4, 12, 23, 5],
[10, 11, 11, 0, 8, 14, 11, 13, 8, 2, 12, 6, 4, 11, 16, 9, 11, 8, 13, 16],
[3, 3, 16, 8, 0, 16, 3, 13, 1, 6, 20, 5, 11, 3, 19, 6, 18, 16, 16, 21],
[15, 16, 5, 14, 16, 0, 17, 4, 17, 15, 23, 12, 18, 18, 3, 11, 9, 17, 27, 7],
[2, 1, 17, 11, 3, 17, 0, 13, 4, 9, 23, 7, 14, 1, 20, 6, 20, 19, 19, 22],
[11, 12, 7, 13, 13, 4, 13, 0, 13, 13, 23, 9, 17, 14, 7, 7, 11, 17, 25, 11],
[4, 4, 16, 8, 1, 17, 4, 13, 0, 6, 19, 5, 10, 4, 20, 6, 17, 16, 15, 21],
[9, 9, 13, 2, 6, 15, 9, 13, 6, 0, 14, 5, 5, 9, 17, 8, 13, 10, 13, 17],
[22, 23, 18, 12, 20, 23, 23, 23, 19, 14, 0, 18, 9, 23, 24, 21, 15, 6, 11, 21],
[5, 6, 11, 6, 5, 12, 7, 9, 5, 5, 18, 0, 10, 7, 15, 3, 13, 13, 17, 16],
[14, 14, 14, 4, 11, 18, 14, 17, 10, 5, 9, 10, 0, 14, 20, 13, 13, 6, 9, 18],
[3, 2, 18, 11, 3, 18, 1, 14, 4, 9, 23, 7, 14, 0, 21, 7, 20, 19, 18, 23],
[18, 19, 6, 16, 19, 3, 20, 7, 20, 17, 24, 15, 20, 21, 0, 14, 9, 18, 29, 5],
[4, 5, 12, 9, 6, 11, 6, 7, 6, 8, 21, 3, 13, 7, 14, 0, 14, 16, 20, 16],
[18, 19, 4, 11, 18, 9, 20, 11, 17, 13, 15, 13, 13, 20, 9, 14, 0, 9, 22, 6],
[18, 19, 12, 8, 16, 17, 19, 17, 16, 10, 6, 13, 6, 19, 18, 16, 9, 0, 14, 15],
[19, 19, 23, 13, 16, 27, 19, 25, 15, 13, 11, 17, 9, 18, 29, 20, 22, 14, 0, 27],
[20, 21, 5, 16, 21, 7, 22, 11, 21, 17, 21, 16, 18, 23, 5, 16, 6, 15, 27, 0]
   ],
//setup on machine: MAQ 16
[   [0, 4, 3, 18, 19, 14, 17, 15, 2, 18, 11, 19, 19, 17, 18, 21, 6, 6, 19, 13],
[4, 0, 7, 14, 15, 10, 13, 13, 3, 14, 7, 15, 15, 13, 14, 17, 4, 7, 15, 13],
[3, 7, 0, 21, 22, 17, 19, 18, 5, 21, 13, 22, 22, 19, 19, 23, 7, 5, 22, 12],
[18, 14, 21, 0, 3, 5, 9, 13, 16, 4, 10, 4, 5, 7, 11, 9, 15, 19, 2, 23],
[19, 15, 22, 3, 0, 5, 12, 11, 17, 7, 12, 7, 8, 10, 14, 12, 17, 21, 1, 25],
[14, 10, 17, 5, 5, 0, 11, 8, 12, 8, 9, 8, 9, 9, 13, 13, 13, 17, 5, 21],
[17, 13, 19, 9, 12, 11, 0, 19, 16, 5, 6, 6, 5, 2, 2, 4, 12, 16, 11, 16],
[15, 13, 18, 13, 11, 8, 19, 0, 13, 16, 15, 16, 17, 17, 21, 21, 17, 20, 11, 26],
[2, 3, 5, 16, 17, 12, 16, 13, 0, 17, 10, 17, 18, 16, 17, 20, 6, 8, 17, 15],
[18, 14, 21, 4, 7, 8, 5, 16, 17, 0, 8, 1, 1, 3, 7, 5, 14, 18, 6, 20],
[11, 7, 13, 10, 12, 9, 6, 15, 10, 8, 0, 9, 9, 6, 7, 10, 6, 10, 12, 13],
[19, 15, 22, 4, 7, 8, 6, 16, 17, 1, 9, 0, 1, 4, 8, 5, 15, 19, 6, 21],
[19, 15, 22, 5, 8, 9, 5, 17, 18, 1, 9, 1, 0, 3, 7, 4, 15, 19, 7, 21],
[17, 13, 19, 7, 10, 9, 2, 17, 16, 3, 6, 4, 3, 0, 4, 4, 12, 16, 9, 18],
[18, 14, 19, 11, 14, 13, 2, 21, 17, 7, 7, 8, 7, 4, 0, 5, 12, 15, 13, 15],
[21, 17, 23, 9, 12, 13, 4, 21, 20, 5, 10, 5, 4, 4, 5, 0, 16, 20, 11, 20],
[6, 4, 7, 15, 17, 13, 12, 17, 6, 14, 6, 15, 15, 12, 12, 16, 0, 4, 17, 9],
[6, 7, 5, 19, 21, 17, 16, 20, 8, 18, 10, 19, 19, 16, 15, 20, 4, 0, 21, 7],
[19, 15, 22, 2, 1, 5, 11, 11, 17, 6, 12, 6, 7, 9, 13, 11, 17, 21, 0, 25],
[13, 13, 12, 23, 25, 21, 16, 26, 15, 20, 13, 21, 21, 18, 15, 20, 9, 7, 25, 0]
   ],
//setup on machine: MAQ 17
[   [0, 10, 19, 18, 14, 19, 8, 20, 20, 10, 9, 4, 4, 8, 17, 19, 20, 12, 7, 14],
[10, 0, 16, 21, 21, 19, 18, 20, 28, 20, 3, 6, 6, 17, 23, 20, 28, 17, 17, 9],
[19, 16, 0, 10, 17, 5, 25, 6, 24, 27, 14, 18, 17, 18, 16, 8, 23, 12, 24, 8],
[18, 21, 10, 0, 9, 5, 22, 5, 15, 24, 18, 20, 18, 14, 7, 2, 14, 7, 21, 15],
[14, 21, 17, 9, 0, 14, 14, 14, 8, 15, 18, 17, 15, 6, 4, 11, 7, 5, 13, 18],
[19, 19, 5, 5, 14, 0, 24, 1, 20, 26, 16, 20, 18, 16, 12, 3, 19, 9, 23, 12],
[8, 18, 25, 22, 14, 24, 0, 25, 17, 2, 17, 12, 12, 8, 18, 23, 17, 15, 1, 22],
[20, 20, 6, 5, 14, 1, 25, 0, 20, 27, 17, 21, 19, 17, 12, 3, 19, 10, 24, 13],
[20, 28, 24, 15, 8, 20, 17, 20, 0, 18, 26, 24, 23, 12, 8, 17, 1, 13, 17, 26],
[10, 20, 27, 24, 15, 26, 2, 27, 18, 0, 19, 14, 14, 10, 19, 25, 18, 17, 3, 24],
[9, 3, 14, 18, 18, 16, 17, 17, 26, 19, 0, 6, 5, 14, 20, 17, 25, 14, 16, 6],
[4, 6, 18, 20, 17, 20, 12, 21, 24, 14, 6, 0, 2, 12, 20, 20, 24, 14, 11, 12],
[4, 6, 17, 18, 15, 18, 12, 19, 23, 14, 5, 2, 0, 11, 18, 18, 22, 12, 11, 11],
[8, 17, 18, 14, 6, 16, 8, 17, 12, 10, 14, 12, 11, 0, 10, 15, 12, 7, 8, 17],
[17, 23, 16, 7, 4, 12, 18, 12, 8, 19, 20, 20, 18, 10, 0, 9, 7, 6, 17, 19],
[19, 20, 8, 2, 11, 3, 23, 3, 17, 25, 17, 20, 18, 15, 9, 0, 16, 8, 22, 14],
[20, 28, 23, 14, 7, 19, 17, 19, 1, 18, 25, 24, 22, 12, 7, 16, 0, 12, 17, 25],
[12, 17, 12, 7, 5, 9, 15, 10, 13, 17, 14, 14, 12, 7, 6, 8, 12, 0, 14, 13],
[7, 17, 24, 21, 13, 23, 1, 24, 17, 3, 16, 11, 11, 8, 17, 22, 17, 14, 0, 21],
[14, 9, 8, 15, 18, 12, 22, 13, 26, 24, 6, 12, 11, 17, 19, 14, 25, 13, 21, 0]
   ],
//setup on machine: MAQ 18
[   [0, 10, 10, 13, 14, 14, 9, 10, 8, 15, 8, 14, 10, 2, 12, 6, 4, 15, 14, 16],
[10, 0, 10, 14, 15, 20, 16, 12, 17, 5, 11, 18, 20, 10, 21, 16, 14, 10, 8, 11],
[10, 10, 0, 21, 22, 24, 9, 18, 14, 14, 16, 23, 19, 8, 16, 15, 13, 19, 18, 20],
[13, 14, 21, 0, 1, 9, 22, 3, 19, 14, 5, 5, 16, 15, 23, 15, 14, 7, 9, 7],
[14, 15, 22, 1, 0, 9, 23, 4, 20, 15, 6, 5, 17, 16, 24, 16, 15, 8, 9, 7],
[14, 20, 24, 9, 9, 0, 21, 9, 16, 22, 9, 4, 11, 16, 19, 12, 12, 16, 17, 16],
[9, 16, 9, 22, 23, 21, 0, 19, 6, 21, 17, 22, 13, 7, 7, 9, 9, 23, 22, 24],
[10, 12, 18, 3, 4, 9, 19, 0, 16, 13, 2, 6, 14, 12, 20, 12, 11, 8, 9, 8],
[8, 17, 14, 19, 20, 16, 6, 16, 0, 22, 14, 18, 7, 7, 4, 4, 5, 22, 22, 23],
[15, 5, 14, 14, 15, 22, 21, 13, 22, 0, 13, 19, 24, 15, 26, 20, 18, 8, 6, 9],
[8, 11, 16, 5, 6, 9, 17, 2, 14, 13, 0, 7, 13, 10, 18, 11, 9, 9, 9, 9],
[14, 18, 23, 5, 5, 4, 22, 6, 18, 19, 7, 0, 14, 16, 22, 14, 13, 12, 14, 12],
[10, 20, 19, 16, 17, 11, 13, 14, 7, 24, 13, 14, 0, 11, 9, 4, 6, 22, 22, 22],
[2, 10, 8, 15, 16, 16, 7, 12, 7, 15, 10, 16, 11, 0, 11, 7, 5, 16, 16, 17],
[12, 21, 16, 23, 24, 19, 7, 20, 4, 26, 18, 22, 9, 11, 0, 8, 9, 26, 26, 27],
[6, 16, 15, 15, 16, 12, 9, 12, 4, 20, 11, 14, 4, 7, 8, 0, 2, 19, 19, 19],
[4, 14, 13, 14, 15, 12, 9, 11, 5, 18, 9, 13, 6, 5, 9, 2, 0, 17, 17, 18],
[15, 10, 19, 7, 8, 16, 23, 8, 22, 8, 9, 12, 22, 16, 26, 19, 17, 0, 2, 1],
[14, 8, 18, 9, 9, 17, 22, 9, 22, 6, 9, 14, 22, 16, 26, 19, 17, 2, 0, 3],
[16, 11, 20, 7, 7, 16, 24, 8, 23, 9, 9, 12, 22, 17, 27, 19, 18, 1, 3, 0]
   ],
//setup on machine: MAQ 19
[   [0, 5, 12, 26, 9, 9, 11, 15, 22, 19, 8, 25, 25, 8, 24, 27, 19, 8, 11, 6],
[5, 0, 16, 24, 7, 13, 15, 12, 20, 22, 6, 25, 26, 10, 25, 29, 18, 11, 14, 6],
[12, 16, 0, 27, 14, 3, 1, 20, 23, 8, 14, 18, 18, 7, 17, 17, 18, 6, 5, 12],
[26, 24, 27, 0, 17, 27, 26, 12, 4, 26, 18, 16, 18, 21, 16, 24, 9, 22, 22, 20],
[9, 7, 14, 17, 0, 13, 13, 6, 13, 19, 1, 19, 20, 7, 18, 23, 11, 8, 10, 3],
[9, 13, 3, 27, 13, 0, 2, 19, 23, 11, 12, 20, 20, 6, 19, 20, 18, 5, 5, 10],
[11, 15, 1, 26, 13, 2, 0, 19, 22, 9, 13, 18, 18, 6, 17, 18, 17, 5, 4, 11],
[15, 12, 20, 12, 6, 19, 19, 0, 9, 23, 7, 19, 21, 13, 19, 25, 10, 14, 15, 9],
[22, 20, 23, 4, 13, 23, 22, 9, 0, 22, 14, 13, 15, 17, 13, 21, 5, 18, 18, 16],
[19, 22, 8, 26, 19, 11, 9, 23, 22, 0, 19, 14, 13, 13, 13, 10, 17, 12, 9, 17],
[8, 6, 14, 18, 1, 12, 13, 7, 14, 19, 0, 20, 21, 7, 19, 24, 12, 8, 10, 2],
[25, 25, 18, 16, 19, 20, 18, 19, 13, 14, 20, 0, 2, 17, 1, 8, 9, 17, 15, 20],
[25, 26, 18, 18, 20, 20, 18, 21, 15, 13, 21, 2, 0, 18, 2, 6, 11, 17, 15, 21],
[8, 10, 7, 21, 7, 6, 6, 13, 17, 13, 7, 17, 18, 0, 16, 19, 13, 1, 4, 5],
[24, 25, 17, 16, 18, 19, 17, 19, 13, 13, 19, 1, 2, 16, 0, 8, 9, 16, 14, 19],
[27, 29, 17, 24, 23, 20, 18, 25, 21, 10, 24, 8, 6, 19, 8, 0, 16, 19, 16, 23],
[19, 18, 18, 9, 11, 18, 17, 10, 5, 17, 12, 9, 11, 13, 9, 16, 0, 13, 13, 13],
[8, 11, 6, 22, 8, 5, 5, 14, 18, 12, 8, 17, 17, 1, 16, 19, 13, 0, 3, 6],
[11, 14, 5, 22, 10, 5, 4, 15, 18, 9, 10, 15, 15, 4, 14, 16, 13, 3, 0, 9],
[6, 6, 12, 20, 3, 10, 11, 9, 16, 17, 2, 20, 21, 5, 19, 23, 13, 6, 9, 0]
   ]
];