// INSTANCIA FGSSP 20x20-02
nbJobs = 20;
nbMchs = 20;

OpDurations = [
[66, 65, 65, 49, 40, 84, 48,  7, 16,  27,  23,  51,  47,  64,  33,  64,  99,  54,  56,  52]
[59, 73, 60, 39, 25, 97,  8, 61, 69,  50,  96,   4,  81,  72,  21,  92,  30,  57,  65,  29] 
[94, 44,  6, 93, 13, 33, 14, 35, 39,  95,  18,   6,  97,  83,  92,  83,   6,  26,  16,  79] 
[82, 64, 86, 83, 14,  6, 24, 25, 91,  88,  18,  90,  78,  40,   3,  18,  40,  67,  79,  76] 
[10,  1, 88, 55, 44, 84, 23, 17, 84,   8,  82,  47,   2,  20,  88,   5,  40,  30,  31,   6] 
[48, 61, 90, 87,  6, 95, 17, 99, 71,  36,  51,  58,   5,  86,  15,  54,  71,  79,  79,  72] 
[9, 17, 64, 12, 63, 37, 58, 64, 85,  38,  90,  22,  90,  29,  96,  75,  39,  67,   6,  72] 
[93, 69, 54, 85, 18, 29, 11,  2, 87,   4,  61,  48,  20,  95,  11,  63,  99,  89,  55,  47] 
[96, 98,  4, 44, 27, 12, 16, 64, 81,  30,  38,  78,  42,  72,  53,   1,  88,  56,  60,  73] 
[16, 75, 53,  9, 46, 87, 82, 52, 21,  23,  97,  43,  47,  79,  29,  47,  24,  82,  77,  62] 
[68, 82, 38, 60, 84, 78, 32,  6, 36,  69,  61,  99,  88,  15,  23,  16,  75,   6,  49,  33] 
[30, 48, 59, 41, 55, 96, 80, 69, 43,  55,  51,  72,  82,  81,  58,  34,  72,  49,  85,  25] 
[99, 81, 29, 23, 14, 24, 40, 51, 58,  91,  15,  11,  36,  76,  32,  95,  16,  15,  78,  72] 
[52, 70, 71, 98,  9, 47, 65, 49, 16,  91,  11,  88,  94,  76,  71,  84,  11,  69,  18,  95] 
[72, 72, 75,  7, 11, 45, 37, 91, 31,  45,  23,  30,  36,  65,   2,  50,  97,  88,  83,  84] 
[57, 23, 81, 32, 14, 70, 13,  9, 84,  25,  82,   4,  61,  51,  37,  21,  60,  31,  78,  26] 
[92, 63, 78, 38, 59, 71, 37,  4, 97,  97,  94,  49,  64,  55,  59,  61,  97,  37,  32,  30] 
[5, 40, 73, 88,  7, 55, 69, 63, 79,   7,  36,  79,   8,  59,  82,  37,  61,  29,  62,  60] 
[57, 43, 54, 39, 10, 94, 60, 78, 11,  76,  74,  35,  22,  67,  91,  79,  54,  65,  25,  35] 
[75, 30, 14, 68, 16, 97, 71, 36, 67,  97,  13,  71,  45,  54,  80,  43,  46,  17,  39,  55]
];

setup = [
//setup on machine: MAQ 0
[   [0, 17, 14, 16, 1, 6, 14, 11, 20, 8, 7, 11, 13, 9, 7, 2, 7, 7, 4, 7],
[17, 0, 18, 7, 17, 11, 12, 18, 3, 25, 10, 15, 16, 23, 21, 15, 14, 15, 21, 21],
[14, 18, 0, 23, 15, 13, 24, 24, 21, 17, 14, 4, 3, 22, 10, 12, 7, 7, 15, 9],
[16, 7, 23, 0, 16, 11, 5, 13, 8, 24, 10, 19, 20, 20, 22, 15, 17, 18, 20, 22],
[1, 17, 15, 16, 0, 6, 14, 10, 20, 8, 7, 12, 14, 8, 7, 3, 8, 8, 4, 8],
[6, 11, 13, 11, 6, 0, 11, 11, 14, 14, 1, 10, 12, 13, 11, 4, 6, 7, 10, 11],
[14, 12, 24, 5, 14, 11, 0, 9, 13, 21, 10, 21, 22, 16, 21, 14, 17, 18, 18, 21],
[11, 18, 24, 13, 10, 11, 9, 0, 21, 15, 11, 21, 22, 8, 17, 12, 17, 17, 13, 18],
[20, 3, 21, 8, 20, 14, 13, 21, 0, 28, 13, 18, 18, 26, 24, 18, 17, 18, 24, 24],
[8, 25, 17, 24, 8, 14, 21, 15, 28, 0, 15, 16, 18, 8, 7, 10, 13, 13, 4, 8],
[7, 10, 14, 10, 7, 1, 10, 11, 13, 15, 0, 11, 12, 14, 12, 5, 7, 8, 11, 12],
[11, 15, 4, 19, 12, 10, 21, 21, 18, 16, 11, 0, 2, 20, 9, 9, 4, 4, 13, 9],
[13, 16, 3, 20, 14, 12, 22, 22, 18, 18, 12, 2, 0, 22, 11, 11, 6, 6, 15, 10],
[9, 23, 22, 20, 8, 13, 16, 8, 26, 8, 14, 20, 22, 0, 13, 11, 16, 16, 8, 14],
[7, 21, 10, 22, 7, 11, 21, 17, 24, 7, 12, 9, 11, 13, 0, 7, 7, 6, 5, 1],
[2, 15, 12, 15, 3, 4, 14, 12, 18, 10, 5, 9, 11, 11, 7, 0, 5, 5, 6, 7],
[7, 14, 7, 17, 8, 6, 17, 17, 17, 13, 7, 4, 6, 16, 7, 5, 0, 1, 10, 7],
[7, 15, 7, 18, 8, 7, 18, 17, 18, 13, 8, 4, 6, 16, 6, 5, 1, 0, 9, 6],
[4, 21, 15, 20, 4, 10, 18, 13, 24, 4, 11, 13, 15, 8, 5, 6, 10, 9, 0, 6],
[7, 21, 9, 22, 8, 11, 21, 18, 24, 8, 12, 9, 10, 14, 1, 7, 7, 6, 6, 0]
   ],
//setup on machine: MAQ 1
[   [0, 16, 17, 7, 18, 6, 13, 5, 22, 28, 23, 25, 29, 17, 10, 11, 11, 7, 9, 3],
[16, 0, 18, 9, 13, 12, 3, 17, 15, 15, 9, 14, 15, 7, 6, 6, 16, 9, 12, 17],
[17, 18, 0, 17, 7, 20, 18, 13, 10, 19, 19, 16, 21, 13, 14, 13, 6, 13, 9, 15],
[7, 9, 17, 0, 15, 4, 6, 10, 19, 22, 17, 20, 23, 12, 4, 6, 13, 4, 9, 9],
[18, 13, 7, 15, 0, 19, 13, 16, 4, 12, 12, 9, 15, 6, 11, 9, 10, 12, 9, 17],
[6, 12, 20, 4, 19, 0, 9, 11, 23, 26, 21, 24, 27, 16, 8, 10, 15, 7, 12, 9],
[13, 3, 18, 6, 13, 9, 0, 15, 16, 18, 12, 16, 18, 8, 4, 5, 15, 7, 11, 14],
[5, 17, 13, 10, 16, 11, 15, 0, 20, 27, 24, 24, 29, 17, 11, 12, 7, 8, 7, 2],
[22, 15, 10, 19, 4, 23, 16, 20, 0, 9, 12, 6, 12, 9, 15, 13, 14, 16, 13, 21],
[28, 15, 19, 22, 12, 26, 18, 27, 9, 0, 7, 3, 3, 11, 18, 17, 22, 21, 20, 28],
[23, 9, 19, 17, 12, 21, 12, 24, 12, 7, 0, 7, 6, 7, 13, 12, 20, 16, 17, 24],
[25, 14, 16, 20, 9, 24, 16, 24, 6, 3, 7, 0, 6, 9, 16, 14, 19, 18, 17, 25],
[29, 15, 21, 23, 15, 27, 18, 29, 12, 3, 6, 6, 0, 12, 19, 18, 24, 22, 22, 29],
[17, 7, 13, 12, 6, 16, 8, 17, 9, 11, 7, 9, 12, 0, 8, 6, 13, 10, 10, 17],
[10, 6, 14, 4, 11, 8, 4, 11, 15, 18, 13, 16, 19, 8, 0, 2, 11, 3, 7, 11],
[11, 6, 13, 6, 9, 10, 5, 12, 13, 17, 12, 14, 18, 6, 2, 0, 10, 4, 6, 12],
[11, 16, 6, 13, 10, 15, 15, 7, 14, 22, 20, 19, 24, 13, 11, 10, 0, 9, 4, 9],
[7, 9, 13, 4, 12, 7, 7, 8, 16, 21, 16, 18, 22, 10, 3, 4, 9, 0, 5, 8],
[9, 12, 9, 9, 9, 12, 11, 7, 13, 20, 17, 17, 22, 10, 7, 6, 4, 5, 0, 8],
[3, 17, 15, 9, 17, 9, 14, 2, 21, 28, 24, 25, 29, 17, 11, 12, 9, 8, 8, 0]
   ],
//setup on machine: MAQ 2
[   [0, 18, 8, 14, 9, 9, 16, 15, 17, 8, 16, 15, 8, 7, 5, 16, 9, 11, 9, 13],
[18, 0, 16, 21, 17, 14, 3, 14, 1, 20, 23, 7, 16, 23, 20, 11, 12, 12, 19, 23],
[8, 16, 0, 21, 1, 14, 16, 20, 16, 4, 23, 11, 14, 8, 13, 9, 14, 5, 3, 21],
[14, 21, 21, 0, 22, 8, 18, 8, 20, 22, 2, 23, 7, 21, 10, 26, 10, 22, 23, 4],
[9, 17, 1, 22, 0, 15, 17, 21, 17, 4, 24, 11, 15, 7, 14, 10, 15, 6, 2, 21],
[9, 14, 14, 8, 15, 0, 11, 6, 13, 16, 10, 15, 2, 16, 8, 18, 2, 14, 17, 9],
[16, 3, 16, 18, 17, 11, 0, 11, 2, 20, 20, 9, 13, 22, 18, 13, 9, 12, 19, 20],
[15, 14, 20, 8, 21, 6, 11, 0, 13, 22, 10, 18, 8, 22, 13, 21, 6, 18, 22, 11],
[17, 1, 16, 20, 17, 13, 2, 13, 0, 20, 22, 7, 15, 22, 19, 11, 11, 11, 19, 22],
[8, 20, 4, 22, 4, 16, 20, 22, 20, 0, 24, 15, 16, 4, 13, 13, 16, 9, 2, 21],
[16, 23, 23, 2, 24, 10, 20, 10, 22, 24, 0, 25, 9, 22, 12, 28, 12, 24, 25, 4],
[15, 7, 11, 23, 11, 15, 9, 18, 7, 15, 25, 0, 17, 18, 19, 4, 13, 6, 13, 24],
[8, 16, 14, 7, 15, 2, 13, 8, 15, 16, 9, 17, 0, 15, 6, 19, 4, 15, 17, 7],
[7, 23, 8, 21, 7, 16, 22, 22, 22, 4, 22, 18, 15, 0, 11, 17, 16, 13, 6, 19],
[5, 20, 13, 10, 14, 8, 18, 13, 19, 13, 12, 19, 6, 11, 0, 20, 9, 16, 14, 8],
[16, 11, 9, 26, 10, 18, 13, 21, 11, 13, 28, 4, 19, 17, 20, 0, 16, 5, 12, 26],
[9, 12, 14, 10, 15, 2, 9, 6, 11, 16, 12, 13, 4, 16, 9, 16, 0, 13, 16, 11],
[11, 12, 5, 22, 6, 14, 12, 18, 11, 9, 24, 6, 15, 13, 16, 5, 13, 0, 8, 22],
[9, 19, 3, 23, 2, 17, 19, 22, 19, 2, 25, 13, 17, 6, 14, 12, 16, 8, 0, 22],
[13, 23, 21, 4, 21, 9, 20, 11, 22, 21, 4, 24, 7, 19, 8, 26, 11, 22, 22, 0]
   ],
//setup on machine: MAQ 3
[   [0, 14, 17, 18, 13, 15, 15, 24, 5, 21, 6, 15, 21, 24, 14, 11, 19, 8, 16, 14],
[14, 0, 12, 4, 11, 3, 11, 10, 9, 16, 9, 7, 17, 11, 13, 3, 6, 6, 9, 18],
[17, 12, 0, 15, 4, 9, 2, 13, 14, 4, 13, 5, 5, 12, 4, 13, 9, 14, 3, 10],
[18, 4, 15, 0, 15, 6, 15, 9, 13, 19, 13, 10, 20, 10, 17, 7, 7, 10, 12, 22],
[13, 11, 4, 15, 0, 9, 2, 15, 11, 8, 10, 5, 8, 14, 2, 11, 10, 11, 4, 8],
[15, 3, 9, 6, 9, 0, 9, 9, 10, 13, 9, 4, 14, 9, 11, 5, 4, 8, 6, 16],
[15, 11, 2, 15, 2, 9, 0, 14, 13, 6, 12, 5, 6, 13, 3, 12, 9, 13, 3, 9],
[24, 10, 13, 9, 15, 9, 14, 0, 19, 15, 18, 10, 16, 2, 17, 13, 5, 16, 11, 22],
[5, 9, 14, 13, 11, 10, 13, 19, 0, 18, 1, 11, 19, 19, 12, 6, 14, 4, 12, 14],
[21, 16, 4, 19, 8, 13, 6, 15, 18, 0, 17, 9, 1, 13, 7, 17, 12, 18, 7, 11],
[6, 9, 13, 13, 10, 9, 12, 18, 1, 17, 0, 10, 18, 18, 11, 6, 13, 3, 11, 14],
[15, 7, 5, 10, 5, 4, 5, 10, 11, 9, 10, 0, 10, 9, 7, 8, 5, 10, 2, 13],
[21, 17, 5, 20, 8, 14, 6, 16, 19, 1, 18, 10, 0, 14, 7, 18, 13, 19, 8, 10],
[24, 11, 12, 10, 14, 9, 13, 2, 19, 13, 18, 9, 14, 0, 16, 14, 5, 17, 10, 21],
[14, 13, 4, 17, 2, 11, 3, 17, 12, 7, 11, 7, 7, 16, 0, 13, 12, 13, 6, 6],
[11, 3, 13, 7, 11, 5, 12, 13, 6, 17, 6, 8, 18, 14, 13, 0, 9, 3, 10, 17],
[19, 6, 9, 7, 10, 4, 9, 5, 14, 12, 13, 5, 13, 5, 12, 9, 0, 12, 6, 18],
[8, 6, 14, 10, 11, 8, 13, 16, 4, 18, 3, 10, 19, 17, 13, 3, 12, 0, 12, 16],
[16, 9, 3, 12, 4, 6, 3, 11, 12, 7, 11, 2, 8, 10, 6, 10, 6, 12, 0, 12],
[14, 18, 10, 22, 8, 16, 9, 22, 14, 11, 14, 13, 10, 21, 6, 17, 18, 16, 12, 0]
   ],
//setup on machine: MAQ 4
[   [0, 16, 16, 9, 12, 6, 4, 14, 21, 18, 12, 10, 17, 3, 13, 19, 18, 20, 6, 10],
[16, 0, 10, 23, 11, 20, 18, 5, 9, 3, 8, 8, 11, 13, 4, 12, 22, 6, 17, 19],
[16, 10, 0, 18, 18, 17, 16, 14, 6, 8, 16, 7, 1, 15, 12, 3, 12, 8, 13, 13],
[9, 23, 18, 0, 21, 3, 5, 22, 24, 23, 21, 15, 19, 12, 21, 21, 14, 25, 6, 5],
[12, 11, 18, 21, 0, 18, 16, 6, 19, 14, 3, 12, 19, 9, 7, 21, 26, 17, 17, 20],
[6, 20, 17, 3, 18, 0, 2, 19, 22, 21, 18, 12, 17, 9, 18, 19, 14, 23, 4, 5],
[4, 18, 16, 5, 16, 2, 0, 17, 21, 19, 16, 11, 17, 7, 16, 18, 15, 21, 3, 6],
[14, 5, 14, 22, 6, 19, 17, 0, 14, 8, 3, 9, 15, 11, 2, 16, 24, 11, 17, 20],
[21, 9, 6, 24, 19, 22, 21, 14, 0, 6, 16, 11, 5, 19, 12, 5, 17, 4, 18, 19],
[18, 3, 8, 23, 14, 21, 19, 8, 6, 0, 11, 9, 9, 15, 7, 9, 20, 3, 17, 19],
[12, 8, 16, 21, 3, 18, 16, 3, 16, 11, 0, 10, 17, 9, 4, 18, 25, 14, 16, 19],
[10, 8, 7, 15, 12, 12, 11, 9, 11, 9, 10, 0, 8, 8, 7, 10, 15, 11, 9, 11],
[17, 11, 1, 19, 19, 17, 17, 15, 5, 9, 17, 8, 0, 16, 13, 2, 12, 8, 14, 14],
[3, 13, 15, 12, 9, 9, 7, 11, 19, 15, 9, 8, 16, 0, 10, 18, 19, 18, 8, 12],
[13, 4, 12, 21, 7, 18, 16, 2, 12, 7, 4, 7, 13, 10, 0, 14, 22, 10, 15, 18],
[19, 12, 3, 21, 21, 19, 18, 16, 5, 9, 18, 10, 2, 18, 14, 0, 12, 8, 16, 16],
[18, 22, 12, 14, 26, 14, 15, 24, 17, 20, 25, 15, 12, 19, 22, 12, 0, 20, 12, 9],
[20, 6, 8, 25, 17, 23, 21, 11, 4, 3, 14, 11, 8, 18, 10, 8, 20, 0, 19, 21],
[6, 17, 13, 6, 17, 4, 3, 17, 18, 17, 16, 9, 14, 8, 15, 16, 12, 19, 0, 4],
[10, 19, 13, 5, 20, 5, 6, 20, 19, 19, 19, 11, 14, 12, 18, 16, 9, 21, 4, 0]
   ],
//setup on machine: MAQ 5
[   [0, 20, 3, 12, 16, 18, 9, 22, 7, 11, 9, 13, 11, 10, 9, 22, 19, 15, 14, 23],
[20, 0, 18, 18, 7, 10, 21, 8, 21, 17, 20, 23, 13, 24, 23, 11, 9, 14, 11, 10],
[3, 18, 0, 9, 15, 18, 7, 21, 5, 8, 11, 11, 8, 13, 8, 20, 19, 15, 14, 22],
[12, 18, 9, 0, 18, 22, 4, 24, 6, 1, 19, 5, 5, 22, 7, 14, 22, 21, 19, 25],
[16, 7, 15, 18, 0, 4, 20, 6, 19, 17, 13, 23, 13, 17, 22, 17, 4, 7, 4, 7],
[18, 10, 18, 22, 4, 0, 23, 5, 22, 21, 13, 26, 17, 17, 25, 21, 2, 5, 4, 5],
[9, 21, 7, 4, 20, 23, 0, 25, 2, 4, 18, 4, 8, 19, 3, 18, 23, 22, 20, 27],
[22, 8, 21, 24, 6, 5, 25, 0, 25, 23, 18, 28, 19, 22, 28, 19, 3, 10, 8, 2],
[7, 21, 5, 6, 19, 22, 2, 25, 0, 5, 16, 6, 8, 17, 3, 19, 23, 20, 19, 26],
[11, 17, 8, 1, 17, 21, 4, 23, 5, 0, 18, 6, 4, 21, 7, 14, 21, 20, 18, 24],
[9, 20, 11, 19, 13, 13, 18, 18, 16, 18, 0, 22, 17, 4, 18, 26, 15, 8, 10, 18],
[13, 23, 11, 5, 23, 26, 4, 28, 6, 6, 22, 0, 10, 23, 5, 18, 27, 25, 23, 30],
[11, 13, 8, 5, 13, 17, 8, 19, 8, 4, 17, 10, 0, 19, 10, 12, 17, 17, 14, 20],
[10, 24, 13, 22, 17, 17, 19, 22, 17, 21, 4, 23, 19, 0, 19, 30, 19, 12, 14, 22],
[9, 23, 8, 7, 22, 25, 3, 28, 3, 7, 18, 5, 10, 19, 0, 21, 25, 23, 21, 29],
[22, 11, 20, 14, 17, 21, 18, 19, 19, 14, 26, 18, 12, 30, 21, 0, 19, 23, 20, 21],
[19, 9, 19, 22, 4, 2, 23, 3, 23, 21, 15, 27, 17, 19, 25, 19, 0, 7, 5, 4],
[15, 14, 15, 21, 7, 5, 22, 10, 20, 20, 8, 25, 17, 12, 23, 23, 7, 0, 4, 10],
[14, 11, 14, 19, 4, 4, 20, 8, 19, 18, 10, 23, 14, 14, 21, 20, 5, 4, 0, 9],
[23, 10, 22, 25, 7, 5, 27, 2, 26, 24, 18, 30, 20, 22, 29, 21, 4, 10, 9, 0]
   ],
//setup on machine: MAQ 6
[   [0, 12, 9, 22, 16, 7, 9, 12, 21, 7, 14, 18, 23, 18, 24, 14, 26, 19, 22, 18],
[12, 0, 16, 15, 21, 12, 3, 11, 23, 17, 7, 6, 19, 12, 21, 2, 20, 16, 17, 23],
[9, 16, 0, 18, 7, 4, 14, 8, 12, 4, 13, 19, 17, 15, 18, 17, 21, 14, 17, 9],
[22, 15, 18, 0, 18, 16, 17, 11, 15, 21, 9, 11, 6, 4, 8, 14, 5, 6, 4, 18],
[16, 21, 7, 18, 0, 10, 20, 11, 6, 10, 16, 23, 15, 15, 14, 22, 19, 12, 15, 2],
[7, 12, 4, 16, 10, 0, 10, 5, 14, 6, 9, 15, 16, 12, 17, 13, 19, 12, 15, 12],
[9, 3, 14, 17, 20, 10, 0, 10, 22, 14, 8, 9, 20, 13, 22, 5, 22, 17, 18, 22],
[12, 11, 8, 11, 11, 5, 10, 0, 12, 11, 5, 12, 11, 7, 13, 11, 14, 8, 10, 12],
[21, 23, 12, 15, 6, 14, 22, 12, 0, 16, 16, 23, 10, 14, 9, 23, 14, 9, 11, 5],
[7, 17, 4, 21, 10, 6, 14, 11, 16, 0, 15, 21, 21, 17, 21, 18, 24, 17, 20, 12],
[14, 7, 13, 9, 16, 9, 8, 5, 16, 15, 0, 7, 12, 5, 14, 7, 14, 9, 10, 17],
[18, 6, 19, 11, 23, 15, 9, 12, 23, 21, 7, 0, 16, 9, 18, 4, 16, 14, 14, 24],
[23, 19, 17, 6, 15, 16, 20, 11, 10, 21, 12, 16, 0, 7, 2, 18, 4, 4, 2, 14],
[18, 12, 15, 4, 15, 12, 13, 7, 14, 17, 5, 9, 7, 0, 9, 11, 9, 5, 5, 16],
[24, 21, 18, 8, 14, 17, 22, 13, 9, 21, 14, 18, 2, 9, 0, 20, 5, 5, 4, 14],
[14, 2, 17, 14, 22, 13, 5, 11, 23, 18, 7, 4, 18, 11, 20, 0, 19, 16, 16, 23],
[26, 20, 21, 5, 19, 19, 22, 14, 14, 24, 14, 16, 4, 9, 5, 19, 0, 7, 4, 18],
[19, 16, 14, 6, 12, 12, 17, 8, 9, 17, 9, 14, 4, 5, 5, 16, 7, 0, 3, 12],
[22, 17, 17, 4, 15, 15, 18, 10, 11, 20, 10, 14, 2, 5, 4, 16, 4, 3, 0, 15],
[18, 23, 9, 18, 2, 12, 22, 12, 5, 12, 17, 24, 14, 16, 14, 23, 18, 12, 15, 0]
   ],
//setup on machine: MAQ 7
[   [0, 12, 12, 6, 5, 21, 18, 6, 3, 15, 19, 22, 11, 9, 17, 19, 25, 18, 19, 14],
[12, 0, 15, 18, 9, 17, 8, 7, 12, 13, 16, 17, 8, 16, 15, 9, 14, 7, 19, 4],
[12, 15, 0, 13, 8, 11, 15, 11, 9, 6, 9, 13, 7, 4, 7, 15, 20, 17, 7, 13],
[6, 18, 13, 0, 10, 24, 23, 12, 7, 18, 22, 26, 16, 9, 20, 24, 30, 24, 20, 20],
[5, 9, 8, 10, 0, 16, 13, 3, 3, 10, 14, 17, 6, 7, 12, 14, 20, 14, 14, 10],
[21, 17, 11, 24, 16, 0, 12, 17, 18, 6, 2, 3, 10, 15, 4, 11, 13, 15, 6, 13],
[18, 8, 15, 23, 13, 12, 0, 13, 16, 10, 12, 10, 8, 18, 11, 1, 7, 4, 15, 4],
[6, 7, 11, 12, 3, 17, 13, 0, 5, 12, 16, 18, 7, 10, 14, 13, 19, 13, 17, 9],
[3, 12, 9, 7, 3, 18, 16, 5, 0, 12, 16, 19, 9, 6, 14, 17, 23, 17, 16, 13],
[15, 13, 6, 18, 10, 6, 10, 12, 12, 0, 4, 8, 5, 10, 2, 10, 14, 13, 6, 10],
[19, 16, 9, 22, 14, 2, 12, 16, 16, 4, 0, 5, 9, 13, 2, 11, 14, 15, 4, 13],
[22, 17, 13, 26, 17, 3, 10, 18, 19, 8, 5, 0, 11, 17, 6, 9, 10, 13, 9, 13],
[11, 8, 7, 16, 6, 10, 8, 7, 9, 5, 9, 11, 0, 10, 7, 9, 14, 10, 11, 6],
[9, 16, 4, 9, 7, 15, 18, 10, 6, 10, 13, 17, 10, 0, 11, 18, 24, 20, 11, 16],
[17, 15, 7, 20, 12, 4, 11, 14, 14, 2, 2, 6, 7, 11, 0, 11, 15, 15, 4, 12],
[19, 9, 15, 24, 14, 11, 1, 13, 17, 10, 11, 9, 9, 18, 11, 0, 6, 4, 15, 5],
[25, 14, 20, 30, 20, 13, 7, 19, 23, 14, 14, 10, 14, 24, 15, 6, 0, 8, 18, 11],
[18, 7, 17, 24, 14, 15, 4, 13, 17, 13, 15, 13, 10, 20, 15, 4, 8, 0, 19, 4],
[19, 19, 7, 20, 14, 6, 15, 17, 16, 6, 4, 9, 11, 11, 4, 15, 18, 19, 0, 16],
[14, 4, 13, 20, 10, 13, 4, 9, 13, 10, 13, 13, 6, 16, 12, 5, 11, 4, 16, 0]
   ],
//setup on machine: MAQ 8
[   [0, 4, 9, 23, 16, 17, 13, 14, 14, 19, 19, 26, 12, 26, 24, 2, 1, 9, 15, 23],
[4, 0, 7, 19, 13, 14, 9, 13, 13, 16, 16, 23, 9, 23, 20, 4, 5, 10, 14, 19],
[9, 7, 0, 17, 8, 10, 11, 7, 7, 10, 16, 17, 6, 17, 15, 10, 10, 9, 7, 16],
[23, 19, 17, 0, 11, 8, 11, 23, 22, 12, 5, 17, 12, 16, 10, 22, 24, 26, 21, 4],
[16, 13, 8, 11, 0, 3, 10, 12, 11, 4, 11, 12, 4, 11, 8, 16, 17, 16, 10, 9],
[17, 14, 10, 8, 3, 0, 9, 15, 14, 5, 8, 13, 5, 12, 7, 17, 18, 19, 13, 6],
[13, 9, 11, 11, 10, 9, 0, 18, 18, 14, 7, 22, 7, 21, 16, 11, 14, 18, 17, 13],
[14, 13, 7, 23, 12, 15, 18, 0, 1, 13, 22, 16, 12, 16, 17, 16, 14, 7, 3, 21],
[14, 13, 7, 22, 11, 14, 18, 1, 0, 12, 21, 15, 12, 15, 16, 16, 15, 8, 2, 20],
[19, 16, 10, 12, 4, 5, 14, 13, 12, 0, 13, 8, 8, 7, 5, 19, 20, 18, 10, 8],
[19, 16, 16, 5, 11, 8, 7, 22, 21, 13, 0, 20, 10, 19, 13, 18, 20, 24, 20, 8],
[26, 23, 17, 17, 12, 13, 22, 16, 15, 8, 20, 0, 16, 1, 7, 27, 27, 23, 13, 13],
[12, 9, 6, 12, 4, 5, 7, 12, 12, 8, 10, 16, 0, 15, 12, 12, 13, 14, 11, 11],
[26, 23, 17, 16, 11, 12, 21, 16, 15, 7, 19, 1, 15, 0, 6, 26, 27, 23, 13, 12],
[24, 20, 15, 10, 8, 7, 16, 17, 16, 5, 13, 7, 12, 6, 0, 24, 25, 23, 15, 6],
[2, 4, 10, 22, 16, 17, 11, 16, 16, 19, 18, 27, 12, 26, 24, 0, 3, 11, 17, 23],
[1, 5, 10, 24, 17, 18, 14, 14, 15, 20, 20, 27, 13, 27, 25, 3, 0, 9, 16, 24],
[9, 10, 9, 26, 16, 19, 18, 7, 8, 18, 24, 23, 14, 23, 23, 11, 9, 0, 10, 25],
[15, 14, 7, 21, 10, 13, 17, 3, 2, 10, 20, 13, 11, 13, 15, 17, 16, 10, 0, 18],
[23, 19, 16, 4, 9, 6, 13, 21, 20, 8, 8, 13, 11, 12, 6, 23, 24, 25, 18, 0]
   ],
//setup on machine: MAQ 9
[   [0, 5, 20, 22, 20, 23, 21, 9, 8, 7, 21, 20, 13, 9, 16, 20, 2, 14, 15, 14],
[5, 0, 21, 21, 21, 22, 24, 14, 13, 11, 24, 20, 9, 14, 13, 22, 3, 12, 13, 9],
[20, 21, 0, 9, 2, 10, 8, 23, 23, 14, 12, 4, 21, 22, 17, 5, 21, 11, 12, 19],
[22, 21, 9, 0, 7, 1, 17, 28, 28, 18, 21, 5, 17, 27, 11, 14, 22, 9, 8, 15],
[20, 21, 2, 7, 0, 8, 10, 24, 24, 14, 14, 2, 20, 23, 16, 7, 21, 10, 11, 18],
[23, 22, 10, 1, 8, 0, 18, 29, 29, 19, 22, 6, 18, 28, 12, 15, 23, 10, 9, 16],
[21, 24, 8, 17, 10, 18, 0, 20, 21, 14, 4, 12, 26, 19, 23, 3, 22, 17, 18, 25],
[9, 14, 23, 28, 24, 29, 20, 0, 1, 10, 18, 24, 22, 1, 24, 21, 11, 20, 22, 22],
[8, 13, 23, 28, 24, 29, 21, 1, 0, 10, 19, 24, 21, 2, 24, 22, 10, 20, 22, 22],
[7, 11, 14, 18, 14, 19, 14, 10, 10, 0, 14, 14, 16, 9, 16, 13, 9, 11, 13, 15],
[21, 24, 12, 21, 14, 22, 4, 18, 19, 14, 0, 16, 28, 17, 26, 7, 22, 19, 21, 27],
[20, 20, 4, 5, 2, 6, 12, 24, 24, 14, 16, 0, 18, 23, 14, 9, 20, 8, 9, 17],
[13, 9, 21, 17, 20, 18, 26, 22, 21, 16, 28, 18, 0, 22, 6, 24, 11, 10, 9, 2],
[9, 14, 22, 27, 23, 28, 19, 1, 2, 9, 17, 23, 22, 0, 24, 20, 11, 20, 21, 22],
[16, 13, 17, 11, 16, 12, 23, 24, 24, 16, 26, 14, 6, 24, 0, 21, 15, 7, 5, 4],
[20, 22, 5, 14, 7, 15, 3, 21, 22, 13, 7, 9, 24, 20, 21, 0, 22, 14, 16, 23],
[2, 3, 21, 22, 21, 23, 22, 11, 10, 9, 22, 20, 11, 11, 15, 22, 0, 13, 14, 12],
[14, 12, 11, 9, 10, 10, 17, 20, 20, 11, 19, 8, 10, 20, 7, 14, 13, 0, 2, 9],
[15, 13, 12, 8, 11, 9, 18, 22, 22, 13, 21, 9, 9, 21, 5, 16, 14, 2, 0, 8],
[14, 9, 19, 15, 18, 16, 25, 22, 22, 15, 27, 17, 2, 22, 4, 23, 12, 9, 8, 0]
   ],
//setup on machine: MAQ 10
[   [0, 4, 16, 25, 8, 8, 15, 14, 17, 10, 1, 2, 14, 8, 16, 7, 19, 17, 23, 12],
[4, 0, 20, 28, 12, 10, 19, 14, 21, 9, 3, 6, 16, 12, 20, 11, 19, 17, 26, 16],
[16, 20, 0, 21, 8, 17, 5, 25, 1, 23, 17, 14, 19, 9, 3, 10, 29, 28, 14, 5],
[25, 28, 21, 0, 22, 19, 16, 21, 21, 23, 26, 23, 13, 19, 18, 20, 21, 21, 9, 19],
[8, 12, 8, 22, 0, 11, 8, 19, 9, 16, 9, 6, 14, 3, 8, 3, 23, 22, 17, 4],
[8, 10, 17, 19, 11, 0, 14, 8, 18, 6, 9, 7, 6, 8, 16, 8, 13, 11, 18, 12],
[15, 19, 5, 16, 8, 14, 0, 21, 5, 20, 16, 13, 14, 7, 2, 8, 25, 24, 9, 4],
[14, 14, 25, 21, 19, 8, 21, 0, 26, 5, 14, 14, 8, 16, 23, 16, 5, 3, 23, 20],
[17, 21, 1, 21, 9, 18, 5, 26, 0, 24, 18, 15, 19, 10, 3, 11, 30, 28, 13, 6],
[10, 9, 23, 23, 16, 6, 20, 5, 24, 0, 9, 10, 10, 14, 22, 13, 10, 8, 24, 18],
[1, 3, 17, 26, 9, 9, 16, 14, 18, 9, 0, 3, 14, 9, 17, 8, 19, 17, 24, 13],
[2, 6, 14, 23, 6, 7, 13, 14, 15, 10, 3, 0, 12, 6, 14, 5, 19, 17, 21, 10],
[14, 16, 19, 13, 14, 6, 14, 8, 19, 10, 14, 12, 0, 11, 16, 11, 11, 10, 15, 14],
[8, 12, 9, 19, 3, 8, 7, 16, 10, 14, 9, 6, 11, 0, 8, 1, 21, 19, 15, 4],
[16, 20, 3, 18, 8, 16, 2, 23, 3, 22, 17, 14, 16, 8, 0, 9, 27, 26, 11, 4],
[7, 11, 10, 20, 3, 8, 8, 16, 11, 13, 8, 5, 11, 1, 9, 0, 20, 19, 16, 5],
[19, 19, 29, 21, 23, 13, 25, 5, 30, 10, 19, 19, 11, 21, 27, 20, 0, 2, 25, 24],
[17, 17, 28, 21, 22, 11, 24, 3, 28, 8, 17, 17, 10, 19, 26, 19, 2, 0, 25, 23],
[23, 26, 14, 9, 17, 18, 9, 23, 13, 24, 24, 21, 15, 15, 11, 16, 25, 25, 0, 13],
[12, 16, 5, 19, 4, 12, 4, 20, 6, 18, 13, 10, 14, 4, 4, 5, 24, 23, 13, 0]
   ],
//setup on machine: MAQ 11
[   [0, 4, 10, 11, 6, 13, 6, 9, 15, 12, 12, 5, 5, 13, 11, 9, 10, 16, 13, 15],
[4, 0, 12, 14, 3, 12, 9, 11, 19, 15, 11, 4, 3, 12, 8, 11, 12, 19, 10, 19],
[10, 12, 0, 6, 11, 10, 4, 17, 11, 18, 22, 15, 14, 9, 12, 1, 18, 17, 22, 16],
[11, 14, 6, 0, 14, 16, 5, 15, 5, 14, 22, 16, 16, 14, 17, 5, 16, 12, 23, 10],
[6, 3, 11, 14, 0, 9, 9, 14, 19, 18, 14, 7, 6, 9, 5, 10, 15, 21, 13, 21],
[13, 12, 10, 16, 9, 0, 12, 22, 21, 25, 23, 16, 15, 2, 5, 11, 23, 26, 21, 25],
[6, 9, 4, 5, 9, 12, 0, 13, 10, 14, 18, 11, 11, 11, 12, 3, 14, 14, 19, 13],
[9, 11, 17, 15, 14, 22, 13, 0, 16, 5, 9, 8, 9, 22, 19, 16, 1, 12, 13, 13],
[15, 19, 11, 5, 19, 21, 10, 16, 0, 14, 25, 19, 20, 19, 22, 10, 17, 9, 27, 7],
[12, 15, 18, 14, 18, 25, 14, 5, 14, 0, 14, 13, 14, 24, 23, 17, 5, 7, 18, 8],
[12, 11, 22, 22, 14, 23, 18, 9, 25, 14, 0, 7, 8, 23, 18, 21, 9, 21, 4, 22],
[5, 4, 15, 16, 7, 16, 11, 8, 19, 13, 7, 0, 1, 16, 12, 14, 9, 18, 8, 18],
[5, 3, 14, 16, 6, 15, 11, 9, 20, 14, 8, 1, 0, 15, 11, 14, 10, 19, 8, 19],
[13, 12, 9, 14, 9, 2, 11, 22, 19, 24, 23, 16, 15, 0, 6, 9, 22, 25, 22, 24],
[11, 8, 12, 17, 5, 5, 12, 19, 22, 23, 18, 12, 11, 6, 0, 12, 20, 25, 16, 25],
[9, 11, 1, 5, 10, 11, 3, 16, 10, 17, 21, 14, 14, 9, 12, 0, 17, 16, 21, 15],
[10, 12, 18, 16, 15, 23, 14, 1, 17, 5, 9, 9, 10, 22, 20, 17, 0, 12, 13, 13],
[16, 19, 17, 12, 21, 26, 14, 12, 9, 7, 21, 18, 19, 25, 25, 16, 12, 0, 25, 2],
[13, 10, 22, 23, 13, 21, 19, 13, 27, 18, 4, 8, 8, 22, 16, 21, 13, 25, 0, 25],
[15, 19, 16, 10, 21, 25, 13, 13, 7, 8, 22, 18, 19, 24, 25, 15, 13, 2, 25, 0]
   ],
//setup on machine: MAQ 12
[   [0, 21, 25, 18, 23, 15, 14, 24, 15, 21, 20, 21, 9, 20, 7, 6, 7, 7, 14, 22],
[21, 0, 4, 20, 12, 11, 13, 5, 7, 3, 12, 18, 20, 5, 18, 16, 14, 15, 8, 7],
[25, 4, 0, 24, 15, 13, 15, 3, 10, 4, 16, 22, 24, 9, 21, 20, 18, 19, 11, 10],
[18, 20, 24, 0, 11, 23, 24, 25, 20, 23, 9, 4, 9, 15, 22, 14, 18, 13, 20, 14],
[23, 12, 15, 11, 0, 20, 21, 17, 16, 15, 3, 7, 16, 7, 23, 17, 18, 16, 16, 5],
[15, 11, 13, 23, 20, 0, 2, 11, 4, 9, 18, 23, 18, 13, 9, 12, 8, 12, 4, 16],
[14, 13, 15, 24, 21, 2, 0, 13, 6, 11, 19, 24, 18, 15, 7, 11, 7, 12, 5, 18],
[24, 5, 3, 25, 17, 11, 13, 0, 9, 3, 17, 23, 24, 10, 20, 19, 17, 19, 10, 12],
[15, 7, 10, 20, 16, 4, 6, 9, 0, 6, 14, 20, 17, 9, 11, 11, 8, 11, 1, 12],
[21, 3, 4, 23, 15, 9, 11, 3, 6, 0, 15, 21, 21, 8, 17, 16, 14, 16, 7, 10],
[20, 12, 16, 9, 3, 18, 19, 17, 14, 15, 0, 6, 13, 7, 21, 14, 16, 13, 15, 6],
[21, 18, 22, 4, 7, 23, 24, 23, 20, 21, 6, 0, 13, 13, 24, 16, 19, 15, 20, 12],
[9, 20, 24, 9, 16, 18, 18, 24, 17, 21, 13, 13, 0, 17, 15, 7, 11, 6, 16, 17],
[20, 5, 9, 15, 7, 13, 15, 10, 9, 8, 7, 13, 17, 0, 19, 14, 14, 13, 10, 3],
[7, 18, 21, 22, 23, 9, 7, 20, 11, 17, 21, 24, 15, 19, 0, 8, 5, 9, 10, 21],
[6, 16, 20, 14, 17, 12, 11, 19, 11, 16, 14, 16, 7, 14, 8, 0, 4, 1, 10, 16],
[7, 14, 18, 18, 18, 8, 7, 17, 8, 14, 16, 19, 11, 14, 5, 4, 0, 5, 7, 16],
[7, 15, 19, 13, 16, 12, 12, 19, 11, 16, 13, 15, 6, 13, 9, 1, 5, 0, 10, 15],
[14, 8, 11, 20, 16, 4, 5, 10, 1, 7, 15, 20, 16, 10, 10, 10, 7, 10, 0, 13],
[22, 7, 10, 14, 5, 16, 18, 12, 12, 10, 6, 12, 17, 3, 21, 16, 16, 15, 13, 0]
   ],
//setup on machine: MAQ 13
[   [0, 21, 20, 15, 6, 6, 13, 13, 20, 14, 14, 18, 10, 23, 10, 12, 17, 20, 6, 16],
[21, 0, 1, 26, 22, 21, 8, 16, 2, 23, 27, 17, 22, 3, 14, 10, 6, 7, 16, 12],
[20, 1, 0, 25, 21, 20, 7, 15, 2, 22, 26, 17, 22, 4, 13, 9, 6, 7, 15, 12],
[15, 26, 25, 0, 21, 21, 19, 11, 27, 4, 2, 12, 5, 29, 22, 17, 26, 21, 18, 15],
[6, 22, 21, 21, 0, 1, 15, 19, 21, 20, 20, 24, 16, 24, 9, 15, 17, 23, 7, 21],
[6, 21, 20, 21, 1, 0, 14, 18, 20, 19, 20, 23, 16, 23, 8, 14, 16, 22, 6, 20],
[13, 8, 7, 19, 15, 14, 0, 9, 8, 16, 20, 13, 15, 11, 8, 2, 7, 8, 9, 8],
[13, 16, 15, 11, 19, 18, 9, 0, 16, 7, 12, 5, 8, 18, 15, 7, 16, 10, 13, 4],
[20, 2, 2, 27, 21, 20, 8, 16, 0, 23, 28, 18, 23, 3, 12, 10, 4, 9, 15, 13],
[14, 23, 22, 4, 20, 19, 16, 7, 23, 0, 5, 9, 4, 25, 19, 14, 22, 17, 16, 11],
[14, 27, 26, 2, 20, 20, 20, 12, 28, 5, 0, 14, 5, 30, 22, 18, 26, 22, 18, 16],
[18, 17, 17, 12, 24, 23, 13, 5, 18, 9, 14, 0, 11, 20, 20, 11, 19, 10, 18, 5],
[10, 22, 22, 5, 16, 16, 15, 8, 23, 4, 5, 11, 0, 25, 17, 13, 21, 18, 13, 12],
[23, 3, 4, 29, 24, 23, 11, 18, 3, 25, 30, 20, 25, 0, 15, 13, 7, 10, 18, 15],
[10, 14, 13, 22, 9, 8, 8, 15, 12, 19, 22, 20, 17, 15, 0, 9, 8, 16, 4, 15],
[12, 10, 9, 17, 15, 14, 2, 7, 10, 14, 18, 11, 13, 13, 9, 0, 9, 8, 9, 6],
[17, 6, 6, 26, 17, 16, 7, 16, 4, 22, 26, 19, 21, 7, 8, 9, 0, 11, 11, 14],
[20, 7, 7, 21, 23, 22, 8, 10, 9, 17, 22, 10, 18, 10, 16, 8, 11, 0, 16, 6],
[6, 16, 15, 18, 7, 6, 9, 13, 15, 16, 18, 18, 13, 18, 4, 9, 11, 16, 0, 14],
[16, 12, 12, 15, 21, 20, 8, 4, 13, 11, 16, 5, 12, 15, 15, 6, 14, 6, 14, 0]
   ],
//setup on machine: MAQ 14
[   [0, 22, 11, 12, 12, 21, 4, 7, 10, 18, 15, 15, 16, 21, 17, 14, 15, 20, 4, 15],
[22, 0, 18, 23, 10, 15, 19, 24, 22, 6, 8, 7, 9, 9, 8, 12, 7, 7, 20, 10],
[11, 18, 0, 5, 9, 11, 11, 7, 19, 13, 11, 12, 10, 22, 17, 6, 11, 20, 7, 17],
[12, 23, 5, 0, 14, 14, 14, 6, 22, 18, 16, 17, 15, 27, 22, 11, 16, 25, 9, 22],
[12, 10, 9, 14, 0, 13, 10, 14, 16, 6, 3, 3, 4, 13, 8, 5, 3, 11, 10, 8],
[21, 15, 11, 14, 13, 0, 21, 18, 28, 10, 11, 13, 9, 23, 19, 8, 12, 20, 18, 20],
[4, 19, 11, 14, 10, 21, 0, 10, 8, 16, 13, 12, 14, 17, 13, 13, 13, 16, 5, 12],
[7, 24, 7, 6, 14, 18, 10, 0, 17, 19, 16, 17, 16, 26, 21, 13, 17, 24, 5, 20],
[10, 22, 19, 22, 16, 28, 8, 17, 0, 21, 18, 17, 20, 17, 15, 20, 18, 17, 13, 13],
[18, 6, 13, 18, 6, 10, 16, 19, 21, 0, 3, 4, 3, 13, 9, 7, 4, 10, 16, 11],
[15, 8, 11, 16, 3, 11, 13, 16, 18, 3, 0, 2, 2, 13, 8, 5, 1, 10, 13, 9],
[15, 7, 12, 17, 3, 13, 12, 17, 17, 4, 2, 0, 4, 11, 6, 7, 1, 8, 13, 7],
[16, 9, 10, 15, 4, 9, 14, 16, 20, 3, 2, 4, 0, 15, 10, 4, 3, 12, 13, 11],
[21, 9, 22, 27, 13, 23, 17, 26, 17, 13, 13, 11, 15, 0, 5, 17, 12, 3, 21, 6],
[17, 8, 17, 22, 8, 19, 13, 21, 15, 9, 8, 6, 10, 5, 0, 13, 7, 3, 16, 2],
[14, 12, 6, 11, 5, 8, 13, 13, 20, 7, 5, 7, 4, 17, 13, 0, 6, 15, 11, 13],
[15, 7, 11, 16, 3, 12, 13, 17, 18, 4, 1, 1, 3, 12, 7, 6, 0, 9, 13, 8],
[20, 7, 20, 25, 11, 20, 16, 24, 17, 10, 10, 8, 12, 3, 3, 15, 9, 0, 19, 5],
[4, 20, 7, 9, 10, 18, 5, 5, 13, 16, 13, 13, 13, 21, 16, 11, 13, 19, 0, 15],
[15, 10, 17, 22, 8, 20, 12, 20, 13, 11, 9, 7, 11, 6, 2, 13, 8, 5, 15, 0]
   ],
//setup on machine: MAQ 15
[   [0, 11, 11, 12, 4, 15, 16, 17, 13, 14, 14, 12, 13, 5, 8, 4, 14, 14, 13, 9],
[11, 0, 11, 19, 8, 12, 5, 8, 24, 13, 3, 16, 19, 7, 11, 13, 5, 10, 18, 5],
[11, 11, 0, 10, 10, 4, 15, 10, 22, 21, 13, 6, 9, 7, 17, 9, 9, 20, 8, 6],
[12, 19, 10, 0, 14, 13, 24, 20, 16, 26, 22, 4, 2, 12, 20, 9, 19, 26, 2, 14],
[4, 8, 10, 14, 0, 13, 13, 14, 16, 12, 11, 13, 15, 3, 7, 6, 11, 12, 14, 6],
[15, 12, 4, 13, 13, 0, 16, 8, 26, 24, 14, 9, 12, 10, 20, 13, 9, 22, 11, 8],
[16, 5, 15, 24, 13, 16, 0, 9, 29, 13, 2, 21, 24, 12, 14, 18, 7, 10, 23, 10],
[17, 8, 10, 20, 14, 8, 9, 0, 29, 21, 8, 16, 19, 12, 19, 17, 3, 18, 18, 8],
[13, 24, 22, 16, 16, 26, 29, 29, 0, 22, 27, 19, 18, 18, 17, 13, 27, 24, 18, 21],
[14, 13, 21, 26, 12, 24, 13, 21, 22, 0, 13, 25, 27, 15, 6, 17, 18, 3, 26, 16],
[14, 3, 13, 22, 11, 14, 2, 8, 27, 13, 0, 19, 22, 10, 13, 16, 6, 10, 21, 8],
[12, 16, 6, 4, 13, 9, 21, 16, 19, 25, 19, 0, 3, 10, 20, 9, 15, 24, 2, 11],
[13, 19, 9, 2, 15, 12, 24, 19, 18, 27, 22, 3, 0, 13, 21, 10, 18, 26, 1, 14],
[5, 7, 7, 12, 3, 10, 12, 12, 18, 15, 10, 10, 13, 0, 10, 6, 9, 14, 12, 4],
[8, 11, 17, 20, 7, 20, 14, 19, 17, 6, 13, 20, 21, 10, 0, 12, 16, 7, 21, 12],
[4, 13, 9, 9, 6, 13, 18, 17, 13, 17, 16, 9, 10, 6, 12, 0, 15, 17, 9, 9],
[14, 5, 9, 19, 11, 9, 7, 3, 27, 18, 6, 15, 18, 9, 16, 15, 0, 15, 17, 6],
[14, 10, 20, 26, 12, 22, 10, 18, 24, 3, 10, 24, 26, 14, 7, 17, 15, 0, 25, 14],
[13, 18, 8, 2, 14, 11, 23, 18, 18, 26, 21, 2, 1, 12, 21, 9, 17, 25, 0, 13],
[9, 5, 6, 14, 6, 8, 10, 8, 21, 16, 8, 11, 14, 4, 12, 9, 6, 14, 13, 0]
   ],
//setup on machine: MAQ 16
[   [0, 15, 12, 24, 6, 11, 29, 20, 5, 23, 23, 14, 25, 18, 9, 21, 9, 13, 18, 23],
[15, 0, 3, 11, 12, 13, 23, 6, 11, 13, 21, 7, 18, 3, 12, 6, 7, 21, 11, 9],
[12, 3, 0, 14, 10, 12, 25, 9, 8, 15, 22, 8, 20, 6, 11, 9, 4, 20, 13, 12],
[24, 11, 14, 0, 19, 17, 16, 6, 21, 4, 17, 10, 11, 9, 18, 7, 18, 25, 9, 2],
[6, 12, 10, 19, 0, 5, 23, 17, 7, 18, 18, 9, 20, 15, 3, 17, 8, 10, 12, 19],
[11, 13, 12, 17, 5, 0, 18, 16, 12, 15, 13, 8, 16, 16, 2, 18, 12, 8, 9, 17],
[29, 23, 25, 16, 23, 18, 0, 20, 29, 12, 7, 17, 5, 23, 20, 22, 27, 21, 12, 18],
[20, 6, 9, 6, 17, 16, 20, 0, 17, 9, 20, 8, 15, 4, 16, 2, 13, 24, 10, 4],
[5, 11, 8, 21, 7, 12, 29, 17, 0, 22, 24, 13, 25, 14, 10, 17, 4, 17, 17, 20],
[23, 13, 15, 4, 18, 15, 12, 9, 22, 0, 13, 9, 7, 12, 16, 10, 18, 22, 6, 6],
[23, 21, 22, 17, 18, 13, 7, 20, 24, 13, 0, 14, 8, 22, 15, 22, 23, 14, 10, 19],
[14, 7, 8, 10, 9, 8, 17, 8, 13, 9, 14, 0, 13, 9, 8, 10, 10, 16, 5, 10],
[25, 18, 20, 11, 20, 16, 5, 15, 25, 7, 8, 13, 0, 18, 17, 17, 23, 20, 8, 13],
[18, 3, 6, 9, 15, 16, 23, 4, 14, 12, 22, 9, 18, 0, 15, 3, 10, 24, 12, 7],
[9, 12, 11, 18, 3, 2, 20, 16, 10, 16, 15, 8, 17, 15, 0, 17, 10, 9, 10, 17],
[21, 6, 9, 7, 17, 18, 22, 2, 17, 10, 22, 10, 17, 3, 17, 0, 13, 25, 12, 5],
[9, 7, 4, 18, 8, 12, 27, 13, 4, 18, 23, 10, 23, 10, 10, 13, 0, 18, 15, 16],
[13, 21, 20, 25, 10, 8, 21, 24, 17, 22, 14, 16, 20, 24, 9, 25, 18, 0, 16, 25],
[18, 11, 13, 9, 12, 9, 12, 10, 17, 6, 10, 5, 8, 12, 10, 12, 15, 16, 0, 10],
[23, 9, 12, 2, 19, 17, 18, 4, 20, 6, 19, 10, 13, 7, 17, 5, 16, 25, 10, 0]
   ],
//setup on machine: MAQ 17
[   [0, 5, 12, 7, 10, 20, 9, 12, 13, 6, 12, 4, 5, 16, 18, 10, 23, 12, 16, 19],
[5, 0, 17, 4, 10, 22, 13, 17, 13, 7, 12, 9, 10, 21, 15, 9, 25, 15, 13, 19],
[12, 17, 0, 18, 17, 19, 8, 4, 19, 14, 18, 8, 7, 6, 26, 18, 21, 12, 25, 24],
[7, 4, 18, 0, 14, 26, 16, 19, 17, 6, 16, 11, 11, 23, 18, 13, 28, 18, 16, 23],
[10, 10, 17, 14, 0, 13, 10, 15, 3, 16, 2, 10, 13, 19, 9, 2, 16, 8, 9, 9],
[20, 22, 19, 26, 13, 0, 13, 15, 11, 26, 11, 17, 20, 16, 18, 15, 3, 8, 19, 10],
[9, 13, 8, 16, 10, 13, 0, 5, 12, 14, 11, 5, 7, 9, 19, 11, 16, 5, 18, 16],
[12, 17, 4, 19, 15, 15, 5, 0, 16, 16, 16, 8, 9, 4, 24, 16, 17, 9, 23, 21],
[13, 13, 19, 17, 3, 11, 12, 16, 0, 19, 1, 13, 16, 20, 8, 4, 14, 9, 8, 6],
[6, 7, 14, 6, 16, 26, 14, 16, 19, 0, 18, 9, 7, 19, 22, 15, 28, 18, 20, 25],
[12, 12, 18, 16, 2, 11, 11, 16, 1, 18, 0, 12, 15, 19, 9, 4, 14, 8, 9, 7],
[4, 9, 8, 11, 10, 17, 5, 8, 13, 9, 12, 0, 3, 12, 19, 11, 20, 9, 18, 19],
[5, 10, 7, 11, 13, 20, 7, 9, 16, 7, 15, 3, 0, 12, 22, 14, 23, 12, 21, 22],
[16, 21, 6, 23, 19, 16, 9, 4, 20, 19, 19, 12, 12, 0, 28, 20, 18, 11, 27, 23],
[18, 15, 26, 18, 9, 18, 19, 24, 8, 22, 9, 19, 22, 28, 0, 8, 20, 17, 2, 9],
[10, 9, 18, 13, 2, 15, 11, 16, 4, 15, 4, 11, 14, 20, 8, 0, 17, 10, 7, 10],
[23, 25, 21, 28, 16, 3, 16, 17, 14, 28, 14, 20, 23, 18, 20, 17, 0, 11, 21, 11],
[12, 15, 12, 18, 8, 8, 5, 9, 9, 18, 8, 9, 12, 11, 17, 10, 11, 0, 17, 12],
[16, 13, 25, 16, 9, 19, 18, 23, 8, 20, 9, 18, 21, 27, 2, 7, 21, 17, 0, 11],
[19, 19, 24, 23, 9, 10, 16, 21, 6, 25, 7, 19, 22, 23, 9, 10, 11, 12, 11, 0]
   ],
//setup on machine: MAQ 18
[   [0, 2, 10, 22, 9, 10, 14, 19, 13, 5, 13, 15, 13, 21, 17, 10, 11, 12, 22, 2],
[2, 0, 10, 24, 8, 11, 16, 21, 14, 6, 13, 17, 15, 21, 18, 11, 13, 13, 23, 2],
[10, 10, 0, 18, 3, 20, 15, 20, 8, 5, 3, 20, 20, 14, 13, 7, 11, 11, 16, 8],
[22, 24, 18, 0, 21, 29, 11, 10, 10, 19, 18, 18, 22, 6, 6, 13, 11, 11, 5, 22],
[9, 8, 3, 21, 0, 19, 17, 22, 11, 5, 5, 21, 21, 17, 16, 9, 13, 13, 19, 7],
[10, 11, 20, 29, 19, 0, 19, 22, 21, 15, 23, 14, 10, 29, 23, 18, 18, 18, 30, 12],
[14, 16, 15, 11, 17, 19, 0, 5, 8, 13, 17, 8, 11, 13, 6, 8, 4, 4, 13, 14],
[19, 21, 20, 10, 22, 22, 5, 0, 12, 18, 21, 9, 13, 15, 8, 13, 9, 9, 14, 19],
[13, 14, 8, 10, 11, 21, 8, 12, 0, 9, 9, 15, 17, 8, 5, 3, 5, 4, 9, 12],
[5, 6, 5, 19, 5, 15, 13, 18, 9, 0, 8, 16, 16, 16, 13, 6, 9, 9, 17, 4],
[13, 13, 3, 18, 5, 23, 17, 21, 9, 8, 0, 23, 23, 13, 14, 9, 13, 13, 15, 11],
[15, 17, 20, 18, 21, 14, 8, 9, 15, 16, 23, 0, 4, 21, 14, 14, 10, 11, 21, 16],
[13, 15, 20, 22, 21, 10, 11, 13, 17, 16, 23, 4, 0, 24, 17, 15, 12, 13, 24, 14],
[21, 21, 14, 6, 17, 29, 13, 15, 8, 16, 13, 21, 24, 0, 7, 11, 12, 11, 2, 19],
[17, 18, 13, 6, 16, 23, 6, 8, 5, 13, 14, 14, 17, 7, 0, 7, 6, 5, 7, 16],
[10, 11, 7, 13, 9, 18, 8, 13, 3, 6, 9, 14, 15, 11, 7, 0, 4, 4, 12, 9],
[11, 13, 11, 11, 13, 18, 4, 9, 5, 9, 13, 10, 12, 12, 6, 4, 0, 1, 13, 11],
[12, 13, 11, 11, 13, 18, 4, 9, 4, 9, 13, 11, 13, 11, 5, 4, 1, 0, 12, 11],
[22, 23, 16, 5, 19, 30, 13, 14, 9, 17, 15, 21, 24, 2, 7, 12, 13, 12, 0, 21],
[2, 2, 8, 22, 7, 12, 14, 19, 12, 4, 11, 16, 14, 19, 16, 9, 11, 11, 21, 0]
   ],
//setup on machine: MAQ 19
[   [0, 13, 10, 11, 7, 16, 12, 15, 8, 10, 7, 8, 6, 12, 13, 1, 10, 11, 10, 8],
[13, 0, 21, 4, 8, 8, 14, 11, 11, 13, 7, 11, 16, 16, 22, 14, 23, 20, 23, 20],
[10, 21, 0, 20, 13, 21, 12, 17, 18, 11, 17, 18, 14, 10, 4, 9, 6, 18, 5, 14],
[11, 4, 20, 0, 8, 11, 15, 13, 8, 13, 4, 7, 13, 16, 21, 12, 21, 16, 21, 17],
[7, 8, 13, 8, 0, 9, 8, 9, 11, 6, 6, 10, 12, 9, 14, 8, 16, 17, 16, 15],
[16, 8, 21, 11, 9, 0, 10, 4, 18, 10, 13, 17, 21, 12, 20, 17, 25, 26, 24, 24],
[12, 14, 12, 15, 8, 10, 0, 6, 18, 2, 14, 17, 18, 2, 10, 12, 17, 23, 16, 20],
[15, 11, 17, 13, 9, 4, 6, 0, 19, 7, 14, 18, 21, 8, 16, 16, 22, 26, 22, 23],
[8, 11, 18, 8, 11, 18, 18, 19, 0, 16, 5, 1, 6, 19, 21, 9, 17, 9, 17, 10],
[10, 13, 11, 13, 6, 10, 2, 7, 16, 0, 12, 16, 16, 3, 10, 10, 16, 21, 15, 18],
[7, 7, 17, 4, 6, 13, 14, 14, 5, 12, 0, 4, 9, 15, 19, 8, 17, 13, 17, 13],
[8, 11, 18, 7, 10, 17, 17, 18, 1, 16, 4, 0, 6, 18, 21, 9, 17, 9, 17, 10],
[6, 16, 14, 13, 12, 21, 18, 21, 6, 16, 9, 6, 0, 18, 18, 6, 12, 5, 12, 4],
[12, 16, 10, 16, 9, 12, 2, 8, 19, 3, 15, 18, 18, 0, 8, 12, 16, 23, 15, 19],
[13, 22, 4, 21, 14, 20, 10, 16, 21, 10, 19, 21, 18, 8, 0, 12, 10, 22, 9, 17],
[1, 14, 9, 12, 8, 17, 12, 16, 9, 10, 8, 9, 6, 12, 12, 0, 9, 11, 9, 8],
[10, 23, 6, 21, 16, 25, 17, 22, 17, 16, 17, 17, 12, 16, 10, 9, 0, 14, 1, 9],
[11, 20, 18, 16, 17, 26, 23, 26, 9, 21, 13, 9, 5, 23, 22, 11, 14, 0, 15, 5],
[10, 23, 5, 21, 16, 24, 16, 22, 17, 15, 17, 17, 12, 15, 9, 9, 1, 15, 0, 10],
[8, 20, 14, 17, 15, 24, 20, 23, 10, 18, 13, 10, 4, 19, 17, 8, 9, 5, 10, 0]
   ]
];