nbJobs = 5;
nbMchs = 5;

OpDurations = [
[22, 35, 83, 38, 90]
[73, 93, 84, 23, 68]
[77, 38, 34, 94, 41]
[96, 72, 55, 67, 59]
[16, 93, 89, 49, 90]
];

setup = [

// INSTANCIA 05X05-9
//setup on machine: MAQ 1
[   [0, 18, 16, 2, 29],
[18, 0, 11, 19, 14],
[16, 11, 0, 16, 14],
[2, 19, 16, 0, 29],
[29, 14, 14, 29, 0]
   ],
//setup on machine: MAQ 2
[   [0, 23, 16, 13, 21],
[23, 0, 19, 16, 15],
[16, 19, 0, 22, 7],
[13, 16, 22, 0, 23],
[21, 15, 7, 23, 0]
   ],
//setup on machine: MAQ 3
[   [0, 24, 13, 20, 26],
[24, 0, 12, 6, 15],
[13, 12, 0, 11, 15],
[20, 6, 11, 0, 20],
[26, 15, 15, 20, 0]
   ],
//setup on machine: MAQ 4
[   [0, 7, 25, 8, 15],
[7, 0, 29, 14, 13],
[25, 29, 0, 18, 22],
[8, 14, 18, 0, 17],
[15, 13, 22, 17, 0]
   ],
//setup on machine: MAQ 5
[   [0, 13, 8, 26, 17],
[13, 0, 14, 16, 13],
[8, 14, 0, 22, 11],
[26, 16, 22, 0, 12],
[17, 13, 11, 12, 0]
   ]
];