// INSTANCIA 10X10-10
nbJobs = 10;
nbMchs = 10;

OpDurations = [
[48, 8, 4, 10, 35, 76, 64, 51, 1, 34]
[39, 98, 46, 12, 71, 93, 90, 9, 44, 67]
[33, 73, 26, 95, 30, 32, 50, 13, 32, 97]
[22, 19, 78, 34, 47, 2, 63, 64, 36, 3]
[1, 25, 40, 20, 64, 95, 77, 65, 69, 67]
[64, 19, 88, 45, 73, 85, 24, 66, 14, 22]
[38, 79, 46, 44, 91, 91, 39, 2, 93, 65]
[29, 72, 69, 87, 37, 33, 94, 91, 60, 9]
[53, 28, 67, 84, 16, 47, 70, 84, 68, 68]
[89, 50, 64, 41, 42, 42, 7, 10, 67, 34]
];

setup = [
//setup on machine: MAQ 1
[   [0, 17, 26, 12, 20, 27, 18, 29, 16, 27],
[17, 0, 23, 7, 5, 10, 13, 14, 16, 20],
[26, 23, 0, 27, 28, 22, 11, 19, 10, 6],
[12, 7, 27, 0, 8, 17, 16, 21, 18, 25],
[20, 5, 28, 8, 0, 12, 18, 17, 21, 25],
[27, 10, 22, 17, 12, 0, 15, 5, 19, 17],
[18, 13, 11, 16, 18, 15, 0, 14, 4, 9],
[29, 14, 19, 21, 17, 5, 14, 0, 18, 13],
[16, 16, 10, 18, 21, 19, 4, 18, 0, 11],
[27, 20, 6, 25, 25, 17, 9, 13, 11, 0]
   ],
//setup on machine: MAQ 2
[   [0, 20, 11, 26, 15, 19, 7, 6, 17, 25],
[20, 0, 29, 22, 30, 13, 27, 14, 19, 28],
[11, 29, 0, 27, 7, 24, 6, 15, 18, 22],
[26, 22, 27, 0, 22, 9, 30, 22, 9, 9],
[15, 30, 7, 22, 0, 21, 13, 18, 14, 16],
[19, 13, 24, 9, 21, 0, 25, 14, 8, 15],
[7, 27, 6, 30, 13, 25, 0, 13, 21, 26],
[6, 14, 15, 22, 18, 14, 13, 0, 14, 23],
[17, 19, 18, 9, 14, 8, 21, 14, 0, 9],
[25, 28, 22, 9, 16, 15, 26, 23, 9, 0]
   ],
//setup on machine: MAQ 3
[   [0, 12, 28, 14, 5, 15, 13, 15, 9, 22],
[12, 0, 25, 16, 16, 9, 20, 6, 11, 30],
[28, 25, 0, 16, 28, 17, 22, 19, 19, 27],
[14, 16, 16, 0, 13, 11, 7, 14, 6, 16],
[5, 16, 28, 13, 0, 17, 9, 18, 10, 17],
[15, 9, 17, 11, 17, 0, 17, 3, 7, 26],
[13, 20, 22, 7, 9, 17, 0, 19, 10, 10],
[15, 6, 19, 14, 18, 3, 19, 0, 9, 29],
[9, 11, 19, 6, 10, 7, 10, 9, 0, 20],
[22, 30, 27, 16, 17, 26, 10, 29, 20, 0]
   ],
//setup on machine: MAQ 4
[   [0, 25, 22, 12, 13, 21, 8, 23, 15, 22],
[25, 0, 15, 19, 13, 8, 21, 11, 15, 9],
[22, 15, 0, 10, 15, 7, 14, 23, 22, 6],
[12, 19, 10, 0, 11, 12, 4, 22, 18, 13],
[13, 13, 15, 11, 0, 11, 11, 12, 8, 12],
[21, 8, 7, 12, 11, 0, 15, 16, 17, 1],
[8, 21, 14, 4, 11, 15, 0, 22, 17, 16],
[23, 11, 23, 22, 12, 16, 22, 0, 8, 17],
[15, 15, 22, 18, 8, 17, 17, 8, 0, 18],
[22, 9, 6, 13, 12, 1, 16, 17, 18, 0]
   ],
//setup on machine: MAQ 5
[   [0, 10, 22, 13, 4, 19, 6, 4, 12, 17],
[10, 0, 13, 6, 12, 9, 15, 8, 16, 8],
[22, 13, 0, 10, 25, 10, 28, 19, 29, 12],
[13, 6, 10, 0, 16, 11, 18, 9, 21, 11],
[4, 12, 25, 16, 0, 20, 3, 8, 8, 18],
[19, 9, 10, 11, 20, 0, 23, 17, 21, 2],
[6, 15, 28, 18, 3, 23, 0, 10, 9, 21],
[4, 8, 19, 9, 8, 17, 10, 0, 15, 16],
[12, 16, 29, 21, 8, 21, 9, 15, 0, 19],
[17, 8, 12, 11, 18, 2, 21, 16, 19, 0]
   ],
//setup on machine: MAQ 6
[   [0, 19, 19, 19, 11, 2, 6, 17, 12, 22],
[19, 0, 14, 30, 27, 19, 21, 23, 22, 15],
[19, 14, 0, 19, 20, 21, 24, 12, 14, 3],
[19, 30, 19, 0, 10, 21, 25, 7, 8, 20],
[11, 27, 20, 10, 0, 13, 16, 12, 7, 23],
[2, 19, 21, 21, 13, 0, 4, 19, 14, 23],
[6, 21, 24, 25, 16, 4, 0, 23, 18, 27],
[17, 23, 12, 7, 12, 19, 23, 0, 6, 13],
[12, 22, 14, 8, 7, 14, 18, 6, 0, 16],
[22, 15, 3, 20, 23, 23, 27, 13, 16, 0]
   ],
//setup on machine: MAQ 7
[   [0, 22, 15, 4, 12, 23, 10, 17, 16, 10],
[22, 0, 24, 26, 13, 2, 18, 14, 11, 13],
[15, 24, 0, 14, 12, 24, 22, 11, 13, 18],
[4, 26, 14, 0, 15, 27, 14, 19, 18, 14],
[12, 13, 12, 15, 0, 13, 14, 6, 4, 9],
[23, 2, 24, 27, 13, 0, 19, 14, 11, 14],
[10, 18, 22, 14, 14, 19, 0, 20, 17, 6],
[17, 14, 11, 19, 6, 14, 20, 0, 4, 14],
[16, 11, 13, 18, 4, 11, 17, 4, 0, 11],
[10, 13, 18, 14, 9, 14, 6, 14, 11, 0]
   ],
//setup on machine: MAQ 8
[   [0, 12, 23, 22, 2, 18, 27, 25, 16, 22],
[12, 0, 12, 16, 10, 6, 15, 15, 9, 11],
[23, 12, 0, 24, 21, 8, 13, 3, 18, 14],
[22, 16, 24, 0, 20, 17, 16, 27, 7, 11],
[2, 10, 21, 20, 0, 16, 25, 24, 14, 20],
[18, 6, 8, 17, 16, 0, 10, 11, 11, 7],
[27, 15, 13, 16, 25, 10, 0, 15, 14, 6],
[25, 15, 3, 27, 24, 11, 15, 0, 21, 16],
[16, 9, 18, 7, 14, 11, 14, 21, 0, 8],
[22, 11, 14, 11, 20, 7, 6, 16, 8, 0]
   ],
//setup on machine: MAQ 9
[   [0, 23, 15, 21, 17, 7, 19, 6, 15, 15],
[23, 0, 27, 12, 28, 29, 17, 21, 21, 9],
[15, 27, 0, 18, 3, 19, 13, 20, 7, 23],
[21, 12, 18, 0, 18, 28, 5, 21, 11, 14],
[17, 28, 3, 18, 0, 22, 13, 22, 7, 25],
[7, 29, 19, 28, 22, 0, 26, 9, 22, 21],
[19, 17, 13, 5, 13, 26, 0, 22, 6, 17],
[6, 21, 20, 21, 22, 9, 22, 0, 19, 12],
[15, 21, 7, 11, 7, 22, 6, 19, 0, 18],
[15, 9, 23, 14, 25, 21, 17, 12, 18, 0]
   ],
//setup on machine: MAQ 10
[   [0, 11, 6, 13, 19, 17, 7, 21, 6, 4],
[11, 0, 17, 5, 30, 17, 17, 27, 15, 12],
[6, 17, 0, 19, 13, 20, 1, 19, 6, 6],
[13, 5, 19, 0, 30, 13, 19, 25, 15, 13],
[19, 30, 13, 30, 0, 27, 13, 18, 16, 18],
[17, 17, 20, 13, 27, 0, 21, 14, 14, 14],
[7, 17, 1, 19, 13, 21, 0, 20, 7, 7],
[21, 27, 19, 25, 18, 14, 20, 0, 15, 18],
[6, 15, 6, 15, 16, 14, 7, 15, 0, 3],
[4, 12, 6, 13, 18, 14, 7, 18, 3, 0]
   ]
];