nbJobs = 5;
nbMchs = 5;

OpDurations = [
[58, 52, 78, 60, 73]
[33, 48, 46, 52, 92]
[86, 59, 80, 63, 31]
[92, 85, 5, 56, 2]
[28, 75, 91, 49, 78]
];

setup = [

// INSTANCIA 05X05-5
//setup on machine: MAQ 1
[   [0, 15, 9, 17, 21],
[15, 0, 18, 6, 10],
[9, 18, 0, 23, 19],
[17, 6, 23, 0, 15],
[21, 10, 19, 15, 0]
   ],
//setup on machine: MAQ 2
[   [0, 27, 25, 22, 26],
[27, 0, 12, 7, 3],
[25, 12, 0, 7, 13],
[22, 7, 7, 0, 8],
[26, 3, 13, 8, 0]
   ],
//setup on machine: MAQ 3
[   [0, 29, 21, 15, 18],
[29, 0, 19, 16, 26],
[21, 19, 0, 18, 30],
[15, 16, 18, 0, 13],
[18, 26, 30, 13, 0]
   ],
//setup on machine: MAQ 4
[   [0, 10, 6, 25, 25],
[10, 0, 5, 23, 26],
[6, 5, 0, 21, 23],
[25, 23, 21, 0, 9],
[25, 26, 23, 9, 0]
   ],
//setup on machine: MAQ 5
[   [0, 9, 21, 23, 20],
[9, 0, 13, 25, 24],
[21, 13, 0, 27, 28],
[23, 25, 27, 0, 5],
[20, 24, 28, 5, 0]
   ]
];