nbJobs = 4;
nbMchs = 4;

OpDurations = [
[45, 83, 70, 5]
[80, 45, 58, 24]
[29, 56, 29, 61]
[74, 45, 64, 43]
];

setup = [

// INSTANCIA 04X04-2
//setup on machine: MAQ 1
[   [0, 29, 6, 24],
[29, 0, 27, 16],
[6, 27, 0, 26],
[24, 16, 26, 0]
   ],
//setup on machine: MAQ 2
[   [0, 19, 6, 12],
[19, 0, 19, 7],
[6, 19, 0, 13],
[12, 7, 13, 0]
   ],
//setup on machine: MAQ 3
[   [0, 5, 8, 19],
[5, 0, 6, 16],
[8, 6, 0, 21],
[19, 16, 21, 0]
   ],
//setup on machine: MAQ 4
[   [0, 26, 13, 28],
[26, 0, 15, 12],
[13, 15, 0, 22],
[28, 12, 22, 0]
   ]
];

