nbJobs = 4;
nbMchs = 4;

OpDurations = [
[90, 64, 50, 65]
[73, 26, 92, 47]
[48, 94, 93, 27]
[76, 87, 43, 65]
];

setup = [

// INSTANCIA 04X04-5
//setup on machine: MAQ 1
[   [0, 10, 11, 9],
[10, 0, 14, 18],
[11, 14, 0, 11],
[9, 18, 11, 0]
   ],
//setup on machine: MAQ 2
[   [0, 7, 11, 24],
[7, 0, 16, 30],
[11, 16, 0, 16],
[24, 30, 16, 0]
   ],
//setup on machine: MAQ 3
[   [0, 15, 6, 15],
[15, 0, 14, 25],
[6, 14, 0, 11],
[15, 25, 11, 0]
   ],
//setup on machine: MAQ 4
[   [0, 24, 30, 16],
[24, 0, 22, 10],
[30, 22, 0, 18],
[16, 10, 18, 0]
   ]
];

